528487205
78388413
14554308
1198340646
140402988
1174946810
59012702
29609729
429581987
985062861
258583817
24613280
1489470
26399910
12249221
21774688
1059556486
376093378
0
160060290
7835359
122144936
104964605
338350144
866947934
201058546
1182018933
393668
45083629
881956113
106794201
162630180
594145
633575241
88762554
9184448
496711813
1472835
149638318
57313146
440517705
306782447
1067746571
198388328
18503666
99817375
55678884
1023433973
28388987
44275104
187864089
18578551
229132310
20307442
156385581
563379646
236006781
346827437
181852719
37410699
346298550
313182864
87824954
563350121
85910681
227945818
386758862
34948546
314832918
308188802
122609305
5386770
16985635
300018643
469996361
5242625
17967643
893738
505387526
482320806
1036848181
148973626
934784
66069905
222409422
720335
1414395687
60249035
69102330
28682695
17789569
4955118
191276026
48680503
214226998
0
8375759
396582990
253898711
286924831
90214401
191301532
107130517
684983537
1696564
65607773
49452915
517338565
1331482776
723315771
8746805
59957593
150347391
719290219
172205203
20814450
86202331
176886070
121696516
212975564
43816592
55084740
20997527
341954229
8470012
52299030
9733026
304367670
161957588
606608355
1137668
950775968
382870410
100963035
249299788
0
15784691
421149326
110541831
119113
829017843
124120146
156869399
20947414
354271185
162648121
162054213
275067532
1233927036
263982198
51255553
161376935
10626808
1051729537
627858324
612308563
307726315
415560865
1260985
804417332
177208540
2668771
4838925
609864550
165841682
343763580
894077571
121063396
95433434
54950323
414532608
230335528
37565951
85955514
742745887
226486794
787179374
108649788
83755280
451991376
259998137
344362185
165034538
51302375
546339851
714464833
395925496
44674142
2702440
2175000
431696442
281461445
650940496
10926922
223045811
37779189
665059964
79197796
794100633
1162747081
687197249
1436583
3388126
4381557
14703789
485366591
979900619
97070180
668429126
335724708
45063495
354059637
83361739
184729270
400710301
268565141
4544360
619477500
0
31992411
183541665
302832621
1029451538
579664644
302270268
30615037
5076464
1186006177
54794895
19219290
346726786
86049264
592895440
1834477
12166
819227271
11676578
636758609
618196654
107783191
148261284
393298246
192073170
87254611
406835955
69936588
2411874
46824
103381624
45239782
99994254
973733075
484137325
738444377
516360337
17738410
965843577
547786795
25976427
286081271
1204002973
0
160829099
108824050
96652898
739754124
84126051
704279136
232570554
905073042
736311773
396243070
33741249
41309902
226192813
2659020
0
326037883
7209890
150737128
512075174
95968147
3838914
22844995
88502092
80872339
49351849
24976742
4682928
86526939
92609689
20330543
33390446
0
85332934
4357426
35706487
5098164
109745600
75229439
592451341
42359496
793702389
108657778
62174134
142490668
506296053
88566827
437791870
101095118
242677134
413108378
432993736
8711380
70512463
659781084
21451152
40202551
566487431
856285212
42704403
116623500
36902483
656170661
111536310
288237249
3386182
912446643
109848149
20178533
1010514731
134784
138085163
136571516
31853772
27599609
236663740
55305679
552164835
41999349
553794536
487358498
60926104
0
297996397
85960912
798790399
1317736831
360928658
262269995
43471555
293059068
159302386
0
454853963
0
645048
840694993
19449633
343560155
529818
305020508
0
86069311
960573
90482161
958303992
10400291
74921627
11228036
96950599
205718591
945631722
0
14006520
59571653
11836491
100046607
117083987
422950433
118763608
1448405871
822185182
262593943
350895276
35927549
1457860056
71070630
344980437
33301897
0
40151415
0
13628235
314589135
62893720
951299515
322389
5746970
1667248547
2537426
341462275
10839946
68321585
439875
59281898
783846760
33395321
61365766
1382417
136408743
7401748
195202721
1215326769
355895025
28969830
991923855
228601709
4042493
463850
589132060
927358675
300004290
652313417
173324036
752672128
540896177
684146933
263937820
267729586
69937218
779111963
126660122
37488965
18649400
73760118
365681298
128827456
112242916
28528474
468451244
597008134
6764633
245836549
659281587
6360516
3237633
263024782
710527230
3915740
469351498
101003180
167970751
635859408
507624477
283111222
232713015
370602356
52906966
25338
300707281
1181208
1143746960
520767624
170375304
749647340
229279970
0
714344605
24004604
649796579
218347578
649664458
1129903317
218087294
26447748
595134204
49245132
27196811
517039843
523564671
24499768
26923765
12045554
46968490
215265781
521159814
916793228
345477627
99386053
381776518
134950845
59921716
404004658
390470157
179826210
1287002907
276425975
105832888
175198635
231478123
513333707
275025136
21918302
709715261
859452914
907992162
953169094
296970940
69218740
105183476
203561992
202342732
906132019
652194423
2594232
315013627
322427840
77727121
25994039
477030307
375904124
439535357
54009162
180133497
465558879
315792224
717990945
350354473
1009091833
138451004
574895931
10759319
58224849
3390953
53995787
79341047
339982381
837446427
1050911159
170045750
40765321
82828790
25812833
323708212
23079105
676034741
1032324190
251001157
267191754
319027924
321392735
80484747
1118404
553980024
84355004
507147978
327541405
42158754
3047004
144624715
951017041
604270612
694106238
8799787
0
14893704
947391218
0
16604671
990760359
636892391
85049933
28552925
102631489
9736543
201011917
1008574563
74967281
203320957
31937548
3334822
358126086
84719660
23496262
136406770
1234889816
283945890
6618878
541478
18954959
5741810
312048791
40561230
14284707
35744917
5329044
1769125
13942555
1112010777
168040584
75966338
277193210
695143648
593176052
10729711
589176
1472692000
96701160
995009069
567800355
6848377
6920812
521685280
30892227
524875108
616183754
11917146
92999866
796691150
246933641
2859467
32796018
568948873
153374391
1806518
222606
391379480
19307798
14086847
52391748
569347580
371253451
938004338
1048398646
50047570
159941772
85734213
490330174
89276827
64883613
50633244
164424824
76232340
514778154
340781638
103951150
106957983
58566382
53891119
172274484
0
642884758
680844
1653710684
995037
722510449
12097054
21472476
880100066
0
758288365
159270728
962703417
9282487
330381173
409038094
63731976
676190022
366238
4959688
0
271717888
13018642
11623457
88282046
1480795320
803542159
617191735
10651566
424226734
309625946
86210800
790671989
147715430
40285081
86871286
0
343086469
40956586
9047928
732701108
348616699
681275916
0
70528427
0
10172572
81208682
374812282
1023311531
210971290
158735082
147026677
711480273
446502878
1031358178
442521544
423385221
1167713013
1099295979
469518834
385799063
175002331
491764564
260704435
208588648
68521014
2002892
1102085016
30464662
165095419
861519610
88688465
187904882
2610
1242173054
40051321
128925896
119169532
259230727
683750262
264782588
281853036
0
6630516
129191911
82671072
126848722
351756
199374405
318784718
11150610
66425034
227078809
510396215
257704781
764996684
16839203
257942943
133353874
873808676
39689894
127225709
75071430
138457341
514697
269113168
5364560
312356680
16156468
395265172
22078
140722566
1308527
29572197
1683801
770993
40347603
125031737
400310409
1141919112
75754837
49989429
504895270
267927078
78487538
124340969
48586492
1275310648
64423533
1169398100
477754479
13700502
279338593
346739368
4317807
81559457
631164307
17528218
654939
596519849
135382017
176329734
28658663
137043248
13162565
114853094
181123500
33716321
210704947
471303222
66913770
1343876706
473200913
49045266
11547155
175126438
579833299
0
399923641
150079368
30403753
530459726
456367546
55694664
438285595
63509356
386074672
265957977
33241028
106411023
413233545
15534529
589851865
5359104
566394
324057994
361631707
12162627
257471775
33065231
536794
8398
41856829
601238408
813785526
31051103
6694321
99321315
47492539
5279732
1128660121
153929807
12863152
243496748
112905268
101414659
356972713
3395
514431794
379510748
3856987
535898232
235096106
201130998
342806037
84799728
90131460
172464884
37088113
1947295
927421367
182624889
417391718
1988525
16038
85483112
106606722
182738953
135410464
430566518
143536727
178101151
207697304
420959964
447252236
1050320523
35254365
118435872
506636933
440258952
61969412
790036451
1190389015
708056
6367115
131620947
215241175
508164090
4488021
20195918
87250687
130202568
1028230734
42778164
24257154
114024458
24062324
33286426
0
49079793
227216196
67769
14068738
7668475
363780812
170510937
766579030
311554
550637351
53387841
263130531
34508739
12175956
958325707
471149721
14466735
9269274
48575564
1099128073
275785825
868451855
25586564
4259372
16413914
45647933
121689892
104752418
0
144305535
394816724
145206641
51941092
610957737
946564279
81813684
365513
20705751
368135548
12596914
202166865
1597958892
81639668
162024461
117666312
1343228860
106964487
269983918
85809413
0
758783227
2116665
1444653
500133064
1290390934
65798140
9181151
693760824
66681236
1863159
90109198
295164011
11383813
591952384
3522911
33635037
504095553
462010725
49520294
126502566
15609682
35541833
100421419
128893868
229066781
876454169
219712003
23240787
141386849
8287179
356493480
108049138
43239074
57077382
262244215
5655727
176000335
952967580
8772966
38898707
609120
680968966
211852365
920110201
99269671
888384319
5396552
97889923
0
747743997
14095591
3005155
1146006452
17122132
329861906
24641295
102957019
19536166
138161
483544373
115602334
192997505
447466992
54571932
544649818
56580959
22896490
151129358
288419308
577967584
684431307
52552755
546823231
3586499
3111868
147046819
78393529
24165797
981852
475926368
47939803
100970450
112682907
72736827
540311945
2399439
108091851
2038016
471141667
95937706
351887224
146608679
267400954
98492828
9107758
4391556
484944901
174923919
125567531
186410
1867920
302666201
355915934
207872571
317042540
495852040
81447425
11924549
19346800
842357277
297092921
45619524
440553118
499042087
195492210
727488173
381000
151386742
340137697
81016447
74223571
102040900
0
106045338
510119432
133710729
0
135385210
75711190
214865581
403414908
252164400
296296035
613233396
540566147
282910480
92575288
793920998
188261435
91651763
0
2353169
78596219
332751920
65638464
17962948
225846662
216606508
5223499
466820246
58829536
210512
205059069
108826250
796580773
632369
32404439
845137831
923175166
20367675
4993382
16713875
107264655
316102514
3078458
394462696
77389822
8678663
450708414
261113712
840379350
601458310
1000039675
267025599
30593567
69353874
241539362
640332835
330909381
121635779
770847785
131758245
107063141
160748976
263778270
212805311
451881674
308141141
77744506
719172856
100046246
3872143
4550314
9907820
9508214
607620
48297282
7848246
1220731423
1298510085
511630793
4245349
635166487
0
21546675
1247716704
1353701940
1744428
43065326
22079167
19880936
402482812
431009260
45479521
15850721
341565065
3434117
6032052
131519312
513090692
962771525
13921489
19631455
8492650
58542818
621971771
628130796
1053224583
67520499
185574532
114567689
238968384
187167477
46215602
935030755
489011566
22209253
72289352
9407139
174393106
111240234
90019841
242815456
9854939
152579177
1111443042
28335419
1023873488
660118650
614628594
971093391
482231243
14885081
21609679
49228979
22690638
1151903244
673095244
1159781791
365431680
215213253
26190672
47361991
20788420
296172339
57360821
68888793
1626329968
23339544
810183330
144219379
25589587
297115552
352935148
126602462
3717056
78370
904674083
54367512
321468186
79169208
547050115
228574938
1000474425
439901312
229302771
159240314
22989031
41644270
60077664
120864921
145068
62626683
77303666
364279564
80652314
64683124
934384367
199065849
1451892082
363185901
40900774
32477847
11657566
4724604
6792951
851704828
456381489
473783569
301857800
50584825
149209570
48943599
259242579
440279826
885552813
1201373388
361228361
20739534
223735796
322788296
95588184
534048756
309146076
1282819
0
480809086
352612560
364498034
86850777
1007762
1009717456
7669044
54393192
246142130
286702523
28705939
24911764
264172
204327349
4249776
1125257228
14784411
98577840
2576640
52431143
405750592
82357171
1999536
105065489
321961427
646414928
6008934
1337878948
67278238
151218746
364666775
844884
24407473
269902421
115414480
199672272
162753361
33558208
173134859
74386111
13936139
31596479
580100785
109059463
103126004
630074136
121827808
208873397
952363920
66627595
962468347
607731908
9796557
150687113
627888007
953847
436469661
4248438
472888048
63877631
664521643
20294302
57591505
196626050
187325790
0
26549398
9868439
3308054
133399627
121369436
420022139
954751853
506787378
155918316
60588
6111312
201566607
569242984
49729480
139014725
87313685
700457
277640864
138277335
31496918
265536580
221798315
215128924
250628038
244000810
162839144
285022649
217459380
452364467
21559793
137731219
3760415
107763694
83309181
367985523
1463865167
578843721
0
1425556963
10163094
37269318
181744549
75931148
14889435
268953889
69914952
363715806
250985078
399676183
11048337
18755634
19358178
81774915
168515101
64820866
69199272
247643880
36715673
2487408
464845825
30171505
225247388
7306463
557322744
196257660
119193175
15320989
10376012
1078677
327013964
252625067
824213708
647234370
0
876352283
11785151
1454153996
10308351
94098083
206575437
118630577
106348361
25859717
967421
254850857
1448105181
282886023
27041841
216081686
127502890
20721293
1591932
219130114
1108363448
1076761833
0
384888594
170524224
738304984
465783717
161144304
2622513
584276666
75597643
174342619
22990288
61522728
700422
732619537
136750755
932355641
235030593
245810244
870611637
95332443
165786
43030266
189311206
1059146163
1730728
11212309
164129631
574420509
48198
473704328
220345549
76461847
1298003524
7308672
944457897
1092160
31433987
347344216
9243945
154027508
88828884
164599973
280904308
306303482
75049298
620681789
87982807
1026722077
1117661444
1206776109
243910
110466077
505548828
33762534
1415492329
987554615
677848658
590540714
191379653
806172377
201526343
316575806
103481644
111137945
315952061
178632161
134629632
24850507
938143739
307268042
111489218
117438408
179181431
65707062
68568238
502628404
90911271
469644403
29697885
2210712
65398804
522652036
570111801
330918990
111980
2740298
1360656
131148909
69110313
955526682
559015480
3448320
366634963
7415615
17497199
372882994
815169386
30548293
15409577
71674447
369771640
826691134
26886944
324702217
6452589
76155409
2959607
35430901
171986321
12110748
125443949
134799412
238709367
1472486474
60885450
2320553
426251719
233977522
24784147
76781328
153216655
8480661
139780306
120861078
59817202
113600809
45316604
13193918
5319295
594724
398482201
125659113
508692021
439964791
67465599
5520918
154217994
440046408
224404216
147214991
34855655
12041219
0
426371077
372385132
157937834
370514524
43027529
525900617
752318174
110705872
0
490043869
16927806
41528228
163613075
179717308
673351
0
927353179
0
70538351
831473251
41475623
14767837
570850
334949913
2173156
302622115
227376050
1601413552
501747592
1059052333
934021300
434811710
335285
123562300
793056402
506336045
58069220
304443389
339480097
357472814
41740175
261498750
5645360
899520772
257632770
228963520
154742318
40158128
43005636
318553480
137774100
97921256
10284304
227836835
115929
580946406
281767713
826311721
3465006
84854202
98526446
515968559
12085367
427701396
35761696
423943352
77144366
95242887
330720186
298388160
13333601
450650109
129588547
30133492
393750248
38290094
151854617
201310824
11560902
59778968
485291535
30966857
240575209
34592632
366669150
309885195
44913906
1411898129
110961267
201282914
274426711
202162923
1100645
69847947
240332571
212351947
231390587
267723916
437213216
14019427
0
2406271
62570801
153594
217379521
6512179
20163904
579213994
346207670
2620029
184373531
24752468
214469871
367350
0
0
395513548
0
607396818
67229378
103306477
175412818
25903369
387564395
197316397
35703268
23074633
377815695
108576
33332945
32909831
289353290
14367763
517386924
77581792
65065428
366622362
322770
57124703
577071455
49917514
550445230
11175803
0
101082516
896836117
498489258
56163149
204837500
332617540
467068358
599147313
76225041
176038262
771686224
708472646
0
190706395
563661
296035093
661604259
314739962
61669275
394373803
307514592
369477535
428556094
30578386
139183696
72609994
438379019
374829061
362045666
1873571
121994769
0
186100792
291333995
206633756
29014543
197616
256655431
6705061
202543521
746913920
828671877
404663
202161144
686928974
546626931
390485112
9698479
204753800
17873298
148365955
1829058
113875508
145264652
287591001
254017345
133019
793680858
864593880
221652340
143215638
320945882
889659997
53750890
24706156
420632684
254543972
259686036
114933241
257738800
863679148
395688
116145959
170024064
38756463
853439915
315960875
8682222
445160657
81775847
594559546
52049336
779896969
126007810
51660034
32005166
213965531
795800869
251403499
24171944
561343459
298882626
16498351
69973787
1060612250
288368282
80033814
69006232
1570344973
9799968
7850482
26098868
31273589
282516701
323359245
574745832
4596123
256888
433838273
111039438
337638402
1456997
32068050
402307166
16672454
204262310
10454542
109092816
15388624
83482709
27844462
31294338
66608058
72753700
5170114
906283957
94224857
1236281
128114903
12441929
7254509
138766475
107066241
3010017
13325876
1884287
275050469
220
10050986
122786495
238773490
53900
62264003
105506975
994729398
33155736
25128540
378583035
7395682
213378533
604954251
27292701
152379508
903726827
7849472
325496349
26784160
148946688
1455028219
411228960
62550958
234663426
11601873
420562109
1109566053
8271773
136293145
575010409
650365097
173765455
753888282
1383861777
66337971
43313985
166047851
171382204
1197183401
175016916
40867197
43497814
791147452
280621151
71159239
134791675
564956063
1548560
8797796
236195827
138542904
1189473141
83858391
360978025
777583847
52850
64106286
114134328
76851959
694632090
10931415
45503572
48303382
4823115
156866698
437379991
139027572
103640639
87724980
27210845
258277635
1021447620
17313420
212056538
90288549
572864360
508849460
117906877
207347055
486257
63891179
172629267
572614367
593812640
421727386
2295018
114043612
550658003
50745583
8779709
0
309179450
2655588
67691970
66756396
31176026
364477030
442589731
39494332
211040813
1034061
916146160
131979222
512634863
1346786
27653006
151240263
84083763
793264284
161873453
356779
94254348
731975710
0
63676578
12583027
12051613
279896793
35135113
0
0
841016
90208775
599420835
118467200
1619862
462799075
13769221
214118136
447876
9125865
214609290
62540154
9272235
44494494
12891104
319221865
27269284
438586060
36287701
52796224
1935750
2136856
52645037
20832544
73551381
897177508
66798099
139063173
325967775
0
16891655
405105797
87694651
1129287493
234175557
45749212
9088650
1102189854
77552759
301405866
9984944
221800979
14581654
369046430
0
403090396
34729212
939149688
340726347
259206020
27393855
237422852
140858081
22013116
295123649
846019569
115750129
298724404
0
27654102
1003925767
685843840
771232778
104374028
123992994
106041911
611795524
11742201
935330
592042028
162115640
814522319
84279407
65263966
163145330
418602748
94876726
380787532
30308563
8193810
5408157
360584654
114754316
268171179
25977996
10156378
1275192875
7496622
80528772
115028135
273587509
1311337788
19052562
1148863175
64974332
58687589
1054984876
8341040
243096
20930859
72061491
132400611
66869549
7697068
968999
1449851
0
86714488
27174498
135563380
88639971
532786310
74824656
115703
82190911
43122652
16539454
125270486
0
0
8402592
1347246066
97083661
218057491
0
68806630
22942126
97763878
0
165597975
22553699
119556662
1026231981
297467501
1205563285
184209414
212005337
156906044
71621
582800403
326357312
153636562
34458778
186170676
67241174
280642538
54137505
62753542
109589307
140107383
10477161
115947401
453556611
334111042
7070751
101278371
960842807
99629830
35968536
66539609
57542912
1034128658
51606654
2561591
301466911
623860359
1712048
519564
243724230
81911610
184594889
28269263
958990985
34561578
246223237
1133293206
59962824
40807838
397139332
410038699
320922162
24181659
363227115
318848927
272233741
317513375
695400322
152264090
575781142
486121452
173403778
786786707
26612275
27146615
75157984
117822632
6282001
39629514
302917967
89797321
440288746
319319729
301335838
499487
313711243
1116
0
9816290
883229267
211897276
12197039
598929055
583783256
78974646
395702474
475781873
223443277
10478261
751554287
337777663
280528474
67231004
172032585
90441033
77687085
152431512
1806525
841075
1448228
289197798
99478465
155254355
425497931
2306247
303871030
366473981
1107575175
321121342
576327706
299973421
636667763
312918046
807476207
340076716
1814160
752206105
35867959
220916231
204326646
1776647
120486039
112018920
350966101
28908681
116357597
732853086
20782004
306715959
166738259
701041676
9510656
520148043
435416716
40972029
401968928
23621230
290075357
6538957
522536472
15457076
527823334
219541043
122211321
814370
147961397
23317955
92464947
300786100
0
101010952
148871988
130497198
65915044
678407404
8051876
10767020
1165647065
197434908
97560368
268325004
13034097
129686912
572757902
4513750
212074264
70719309
403444446
932145316
203428566
1136277
553957079
125712962
28070973
518764068
40024348
58856042
246837732
204045281
3339336
116493319
93022966
981912661
138331074
114846457
5982365
8335740
52906984
3534375
204951307
746096491
510192643
327703256
482282259
27148778
278019624
33424698
473664388
231311112
1091400
5410944
941585152
273524648
1791229
182082281
25487760
324455872
996299784
54955183
72238632
170031798
74833975
202141939
76765194
27196633
590883222
66976
4930874
237567856
7151741
1287313366
8453781
49992925
57908476
27600875
775722577
10626857
86120148
2312209
185394777
184967995
431792037
80268781
1429678
166178279
4563
79824140
1125702272
443020073
264841230
204576474
1974285
63683
15182924
3917847
467914254
728238909
65574608
1293514676
28704819
15091137
25706807
175624750
516693975
0
122557383
0
1099825525
2906115
15492192
1370534620
48759456
481916928
0
1760286150
205927254
295975593
315063433
215798576
0
450664908
267292611
665847934
395205241
4860682
12131714
1026728611
482155964
1201713034
84984831
384742063
123661334
12247650
4241900
2455513
453812705
137005528
982187305
978751
416560682
1269543537
73665757
295028397
14450
325698222
780969848
97125053
156177881
127855079
1520514
616976986
20453083
111230050
133644996
113769966
270521846
337293524
2817472
346867038
102198149
4833261
235623568
463404102
349470
23184618
16480291
19207572
60309121
0
11412309
273791762
9037722
361218627
153372724
800353743
114532551
288621006
19526281
1154698404
121609437
306342327
966707726
890932424
75710243
238737214
902230
1017595407
608838177
176502306
334570926
14078217
104435349
187975646
18470929
128806158
566442699
19923902
4174099
808199678
553191280
294373430
170250
1164241405
6310390
252169195
235382688
19674690
77840523
206538259
671836
112622200
73776697
181115105
100049364
571446891
75072537
88398720
806498660
841391024
5238643
761722
247964085
26185802
1519837
492701399
987868190
95112053
261875364
431674506
96431328
187367424
84600894
33668068
34757284
222191409
255108668
1005848292
374993008
151488652
11257596
525065440
310148283
141388805
13858613
31622595
43264846
1470271
72537535
526450083
10137618
0
1388361682
413422647
0
77379475
3219
8005099
717438616
463085
134942227
12054
24426753
28054377
328746014
183379298
245966474
8719574
141881490
987429852
12310829
514702342
42812657
1129830167
308490672
109927163
1465987
81669758
254100320
525002185
20628264
567526581
22875846
170081675
366982777
1313171663
522382651
175445664
2911470
0
73782722
203463842
176650966
807603181
110103216
340924414
4746146
49013535
119033113
747338282
34473734
561641838
453218041
383664
1505405203
665131360
272584694
6836446
323610105
103674167
15200550
20354727
31090716
1037332485
41082438
11058112
37963318
839508
287412148
21036811
65991116
2872160
256360778
6731050
3157561
531435139
3467218
31580170
20844560
1146644196
6273197
558859136
164523528
553985197
65633935
206300903
190606754
17889242
0
2470736
122975519
16237031
418615136
146924852
19236026
190281202
99645981
316622668
319602936
0
1435170
256211093
971347996
344465525
41751642
850186
380428857
39102453
220875452
6411518
1109284
354872689
140243
13077028
1194138493
8276477
785092903
500807692
192533746
1192298
48089794
19384115
57641307
278630358
210043550
75558254
12087165
490810865
7921137
26968
637348249
255883
36178875
11632924
5072
5935525
418636467
155915889
208876230
561676953
647947979
695565
154343983
512178925
320221797
131735803
4712892
58671434
96542032
1471224
77348716
227262661
373020989
38016942
458434030
1404648
461447387
14895700
554722
769798399
118265477
256419401
495170623
397229538
33686600
821018
1479133806
338581849
230789251
404179068
356202
150785125
307166436
73645056
20939401
40974038
63428594
291497582
75281426
247643260
63672014
29667965
103210787
3434647
784261950
40776941
16133081
0
53633898
874000583
162627507
177196733
731797644
83253789
0
75397540
1124409971
935219
1333446977
78800
11836593
995120349
746190581
552074822
53786531
243514
89644663
43152762
137515533
323161887
440736063
1132258817
1320325782
9581678
591585120
7311827
55350589
697678671
58434974
225366881
67759855
1332350542
198761918
3408452
29764521
1132257822
0
341666554
356927831
15414042
365402409
1100387852
239925012
166711087
460454151
82553353
934467772
1466957105
1102816085
11378634
627550108
100526970
33254285
411987110
69896213
2653304
1352351
138082204
2716238
136811541
455744032
4942138
45427810
126226618
471547418
5788784
569979037
72296524
115157089
979392673
27024305
451184256
26986011
51195342
33377532
176596703
426589794
302183313
14246827
200537833
13868199
473697172
662696879
1049640802
297779579
276388655
12560661
673872766
551082640
10950133
0
853200977
28624797
27847253
1068909959
409073579
145283758
509909677
212069
86339340
39863091
227438152
14300995
36253211
358229774
63033143
412364873
47645213
62112907
0
135612315
427737234
296590735
320252826
342694848
118850186
2532474
88186805
25460517
1019220357
1015896814
9995260
37153175
21418168
72040088
7252107
7474910
45993487
941416410
726858803
121271473
52422085
317904838
1608216
459554224
1546421386
10428497
1513416902
81733224
2287624
148797589
121525860
373878385
2063776
58172071
20944472
5038403
438490463
0
20748566
152391477
262127663
78734265
317717932
12585793
146165820
113977149
1466008
45993016
361192869
76487910
507831097
523149025
361982149
240575748
484110456
449810804
261638647
92150665
598464095
24507601
223867385
247084279
19263889
20662933
1920318
17298870
9124381
53246434
34113669
4985832
567840496
437223359
157946483
1197530992
96761355
672078761
0
128517462
99552325
134064864
686722142
283697415
234074819
853910726
54916428
154119865
317897532
291852
1407483
51606416
353507391
196935464
371345866
29251777
266173948
479983290
771466357
424559445
466210322
281768000
1407681865
38240141
142870501
51745621
250303977
171584353
0
127596157
432765996
5898743
16505372
14065816
366890
779126
10246086
60393718
129345981
1656065
322748481
1163082247
540350947
8728546
335969278
17411201
282360
1382185854
5640496
457408
389594811
15493443
39408123
110040927
257764772
27761506
573940076
284109611
46987465
567504463
282413983
674314439
1314987
255714063
130410890
1220853440
46338574
28873586
236654553
12956647
86314321
47546104
431966525
971522379
61308251
145854357
120612232
5363632
4670987
366425891
187601193
130775032
273888
564216255
1796344
36317204
628978096
3284099
554554986
66823414
0
405649
550461478
78920074
119625673
33071683
79278918
212256197
325673305
608356139
1660100360
164529308
195112109
8947677
148382
2025765
7708350
987710623
995006
76959358
238606132
139537608
392475392
456415062
55972181
96348
941867897
285828002
989493240
41017060
988367844
184208755
40014762
0
720062499
315379309
785066090
83077875
905030102
769376915
22459478
506414145
39653122
669455133
68171730
55097987
1288174
44077565
800821
52267029
46897709
366778857
358646154
535102596
100748931
77713382
250834801
71746196
7496394
332412906
507985103
1009709544
373402209
0
33546613
531636506
565877115
972158806
14092
155936142
11285929
14266085
4533407
302799557
20161068
6639621
394348091
21443148
360369185
203734034
265088563
141406271
65064620
270015789
7781118
173471310
188956223
1096321
253776927
991709292
1979237
467573198
98423657
228139553
248316017
85758235
331584677
19879781
524458114
23548532
16962084
56397574
169349224
570380076
22856386
266060083
182279868
48063267
28433278
540979480
322505943
651352705
464293502
7423373
58558308
209819610
120724589
45297170
91340078
312622007
27739467
773574664
70476243
0
53909705
423328
63464486
289117129
331634208
66467765
228285739
445796411
0
73508
220538633
408863434
140362501
619753351
1234324
88015218
456317624
14662440
10052932
242123617
12796720
125617333
61596512
396550699
50444696
38840240
0
255234695
1459665408
764687964
593828318
595748371
29665432
727837247
26323529
236742
599358306
122508362
35436109
900792370
707630718
604522151
12160
211989007
116856295
372967357
763927272
61153738
200053086
198912589
27910215
51683428
36642993
302890455
7719130
3899194
88192077
136906024
35760721
20501096
692570993
103886678
1587338282
61676095
459330041
721278080
224607696
160984550
247909723
338818062
4112976
86376506
82841304
1407538866
120097133
440074361
0
0
1535834331
0
252327107
3630403
182433732
12998546
345602852
26363654
181267981
14809572
143195902
502752280
126743984
46268801
3489693
25604782
94370630
570722816
499572210
3170614
23924023
168445688
159158033
1790873
467913380
11194
294069365
1161668212
1317232918
21375168
37469318
68930188
90628706
515953379
153106907
74898894
409495084
77555675
99005150
271711472
200182853
304173106
331834453
195219879
304021749
75334826
89737100
7267265
894787
679580698
455035667
13141892
148816608
204787318
1378864913
137276028
73082180
274668354
589331835
62410858
656692682
199002992
212417869
782306056
393450026
1438752737
72475517
53226981
158324916
134550750
31136412
175733808
577504602
10042352
37307928
722012010
86098529
68826870
196723046
62140482
47819757
181727779
1367335316
61216211
54263040
8366470
728799187
9332721
110993228
90406885
144399158
18664094
23642423
215266943
135844327
246302
624318874
57812017
573388216
106564842
370707
0
331178500
53378356
833813960
678611321
463321310
144876410
260017471
956063571
117924890
89561812
364393999
1509391006
254120428
6215696
704063512
832308587
875418605
11013026
1723527
3495007
487441424
31229547
216952770
86884
171203387
253733327
996584
482437507
9655704
98615110
429847033
136184645
22658577
450720685
65018353
460291238
287641128
121241
235659659
96976961
549798
602581684
531207
1020517986
237177543
56029625
46713943
23451663
74630913
877911390
87837965
56992158
1778864
4515395
106588
848327079
723399387
105026137
579318666
400920608
758103879
682932875
493294693
110761056
74727602
751374189
631157389
207295315
1513164
4893593
576316607
11688644
40583010
106025767
504642348
162156940
244134545
221694989
684739367
12312219
15467027
836688405
20144255
538788162
141441838
545717537
10745232
1172137130
1199665943
169619522
12108939
160897462
121155771
838951355
394976382
33122830
1033132603
97003088
684814891
648119827
138892399
70304526
270015542
3195056
88815626
75048508
0
561125275
780191
70681658
359338053
55558591
5885420
631851041
12195246
168713
906883790
55404051
980036151
9301354
1122215660
42712408
14742679
88986119
108982906
413835808
9275
6042321
3370376
913740652
192873004
62985
7020301
873474257
720034866
1366508194
57367644
104239
56436092
989206403
1056123042
219645740
110624523
98104715
498442384
5633359
282270580
64017071
60553023
459233187
457282557
151405337
127988810
199292809
633396241
18300
18140069
185693638
552560276
26552107
430956635
191625691
890958040
445174637
169095087
43420054
239561848
9638372
420269377
0
50628544
327617895
486291211
1161162427
250040235
1262502
305397798
2252441
12439305
613280775
111331977
339165883
85202635
6529109
15136
61916989
558055126
143503533
105439950
29320354
25488616
648437484
11881677
158945212
324547685
116176803
10896627
51895647
25160
680524
940142
56900462
48674761
25160
36017156
145288402
0
974060893
133844973
97583828
0
69354601
8335262
125366942
549377211
0
158044895
133630425
533919033
155164797
7245335
0
10618344
85339784
60856777
277000061
393552537
29755757
115964393
152501181
2058912
450964534
600429150
322690217
124037065
47492140
193466343
557863617
472178698
7669005
68429151
481387644
567371998
11360113
193871697
87542978
0
30976400
515577194
189912374
1174610080
157633981
690919612
193136699
1261563003
71784148
168102260
635546
387793222
106024297
0
753744549
808191934
10473827
43434592
333718205
0
12863912
362884606
363896534
55539
155473995
658699214
116391987
497897014
41272247
368695663
68004807
38024076
386259515
0
600347620
689719226
115256529
196980935
342670401
335632725
6947847
53818128
19200066
700786236
114138083
74054767
349327546
410915725
552719582
87258368
14673513
298538758
41077001
195807561
131192938
9649998
662855362
566341
39377647
63666945
820474440
5951530
895487150
324366288
1966666
254724016
37890
41731355
3253350
83020058
68141689
126229
13800805
7491149
94177649
53370549
1514799697
15300488
0
50970779
78339522
311747406
7724552
3542311
430255816
0
557886211
98535747
204724945
655206
883911764
149236149
442862216
33175972
167562596
501886916
48476593
162668
219223547
264186077
268677365
904260682
16099641
1190839968
35923918
697454816
1512101
303783833
59490411
45534424
223122
53506738
278220997
299145163
4591936
8816932
385946285
456746577
99731828
40129246
33558583
2213936
2598
540415250
189005634
32096260
1403066583
121705048
288884027
108874944
2522062
29088951
512887297
174908919
3926531
6639848
225343421
193585972
239108575
4636205
115333108
985025953
2987027
361841134
38588152
724608
23357693
928056643
1131307859
1259329912
19589766
18565938
187968778
20778348
30569629
563772114
0
69549097
1279230980
0
93271491
921763503
137865774
54436436
358889966
496501249
248719815
543792560
53205938
34780502
185375597
45154513
137963183
160180342
24163899
105702050
899688095
274941
372427387
19991533
22170683
45029436
287091
0
12396173
40969449
325412150
218750418
47731426
140595582
296614589
650812798
84744817
280245443
12911881
250247288
115967593
105097849
185296248
145806958
403788841
317030960
226546055
86960560
44551342
75634980
34377787
7346714
36629085
27805596
5017009
0
332247464
296288481
220992149
626761342
100728669
664689
783129164
196832788
206831416
876385981
185509570
102767481
16310819
18253343
16265473
220886038
178975901
56551702
351059365
1003113
413010
262350107
58732348
149378497
127335854
17391485
204078947
25860820
80127618
128843252
33267181
695747361
1961292
221505870
8187375
3311040
0
317921447
7186953
12908587
311050506
142483337
241851686
31660525
357988278
32680
707057441
460103211
198219225
114131814
1089079486
872909765
402520937
182117870
955052192
491457158
103391139
95989915
52847701
1474408119
349133367
22500261
34765518
186951468
30790157
894562611
52698672
892678877
472249271
78386244
1034558
457498528
518546639
242264076
61896051
665525776
14738483
391240920
4572974
195788560
2886989
25223385
11909659
122735418
630080442
122221915
179741953
184648950
137977268
183752395
71880620
0
417766188
234185289
329366167
3027533
147342771
247047630
522192068
17094039
10751284
50127928
643526
1088299451
1099299733
605738860
7959700
221336248
394819263
2301042
327435168
690618713
324446201
440253692
8374155
28306652
479953680
49857932
299076419
486754495
158348833
767302562
250614844
846280235
59387133
20597086
22693036
80809490
113328047
64061930
585311343
427240457
69255822
53320139
72465481
269477996
20946912
123548475
441102566
6762162
617262791
104277597
70354528
708005716
44607471
313344924
291921267
505794560
286245544
14385004
1541969021
32775
435548164
603681047
44508731
90639181
6491164
0
26261914
377645
751169607
10612050
6534935
1560614093
47856441
226131383
157668203
643173
128057475
55785100
360747789
122523406
1339452
11506499
370978357
283383659
32074728
109550890
183409109
241489531
19133492
326363089
842421120
110456652
6766670
626657142
506689431
70316527
150266217
1073201036
234522
447159233
40592920
67707674
249747837
665914895
276746524
12216092
229044114
0
710007367
254780967
278846570
1698943328
327948521
119298726
715359726
1931920
119087272
1796664
1232743225
231698406
72442610
222761256
18805418
154078827
498617918
408902591
516026139
159590918
424196332
2375753
1660488
35879730
412805706
755417048
15029619
90888127
1440004
31276563
525860591
774338942
1239352512
377996554
181175482
24368325
35699634
557262642
661917855
268490012
224834621
0
420152246
520673563
14736107
0
159448518
228840021
20717223
105588575
127006944
495718822
90798161
289427400
150976073
171662885
566238024
69801187
185335971
70873844
732435412
221358814
428450543
128617218
262555883
20368925
102807305
151939268
30412723
131723653
441839517
76630759
64192790
234663624
119434444
354503782
536679401
612704516
245885945
12080742
13090294
604018536
637085901
42292795
750979004
26158675
82753194
498713057
303543532
143491408
584859792
4008022
28970702
676025596
728330529
1306649987
41414657
730644100
980162352
861268
26207165
3890435
63759678
155486468
311455519
131505017
70655998
231804987
13903081
1251453
373315940
29592725
23864126
389481320
376742900
8994854
11446349
1510707
287861106
18417713
242663595
0
24601004
180933098
153902156
385899992
9894468
192139861
1363304295
59146152
425468408
158008612
708958701
52256778
2279323
254427064
476738748
1060112919
132951048
1505453
4719671
536259
80655322
164708755
564536631
50479789
130133965
265373973
63009950
1182607584
230664512
129428157
239431493
175500
454941707
159469382
4099520
292041086
15189624
539368056
487477715
757482205
39757765
967211347
647653460
4067068
16478016
229889994
1123616191
139748218
3976
329678481
83187067
35930483
604672534
9884
933030030
861867476
164821
658480253
71477310
27866083
552320728
556980
16805914
548130873
1270772865
9972724
144521841
67939071
158952443
314819037
227517525
14179766
61334555
9899162
124954635
73785633
28997500
116286829
475231796
270165034
1676661
270493120
231299
89591338
408422097
33702707
83678504
379546393
3843823
1044468
33533967
159261505
322673081
6063075
1712826
765759077
71572781
30347215
4606728
444880071
2223617
99182914
472820898
196685347
331436096
573510866
33261826
907755246
94787144
320382160
112503600
1628322
1491746
1070207546
14748380
7559454
1687923
349803780
15924662
1543238915
127872806
125174401
92628129
18563959
592705457
1126693
1535303
5771712
100949636
612614437
711392807
182273888
237566686
594675206
668004644
785943850
376990571
95836114
26732366
178958420
444404545
339135153
44347690
297862842
60829868
685445818
149560418
1060682351
1015810470
827243087
2810597
295558425
949653905
45304363
477995822
153322481
286938137
397524354
0
365552
1092430957
379101073
86283262
106948475
23338686
633246725
100944277
7770293
497916863
51223294
45198785
729345980
676128749
141138438
51512284
25495073
1774534
7423568
1482072690
174715897
38979342
1741838
41230471
95152914
122274208
612134
8022718
145417577
25692919
349934350
97126322
47874778
606864020
328344561
567605360
235117348
912257651
122912044
106123687
960287327
211694280
40702489
163158
793030343
312054139
246315305
90472352
8396379
286505481
426202815
578313183
874221162
482245691
60544307
1380913217
9793610
84506877
5610848
12191189
96787959
638987550
752127611
4376856
279376874
262406038
193012491
20135356
584701115
10080361
84307073
25317958
42999747
342472779
15983632
11643292
60654594
939192902
507696608
2534578
739292141
1287643725
29982360
29464869
649944140
470474824
392459253
271960697
475011214
773420972
444322
19611627
43569302
340419740
83899964
813956763
54919434
128502940
391935
77837444
919126423
489861
4067902
139185
59556267
44773019
422168048
49387925
295972152
0
13102726
61121686
21480833
11246792
54059279
38121893
104955335
17460614
186011800
385861383
76796530
330891590
226240
307465657
173114175
186723530
28151926
394612875
553154142
95913269
5352080
104243928
89066139
16516804
0
101993745
457419909
3632170
3600
0
286663718
636469218
402908610
5693969
270751304
128260952
450489867
210188814
8050020
15299314
1400525802
5706231
9415402
139248323
856835501
1441768
818784905
70040455
464397897
7536319
22060675
222172119
7509997
452162411
9852930
261405970
602163431
743461489
411876669
120440
67736986
518304152
213271933
12341822
560935713
157361789
10706744
273133
959353
52431120
448623429
73983719
331697905
281894247
1528617989
1288178556
17042213
54258878
182403908
156679686
131916180
176849312
1018571488
49565679
0
660182431
1054623870
438125400
65960
214062664
248870030
1050724443
272534921
9885149
208429378
317919138
1353812
83679644
21434888
1048648556
101598
360809620
520800
368519890
298015
32687600
11288236
0
101817
14699848
39504224
225813408
487018405
27377141
564357608
14045536
0
484613432
6184663
393645130
165661747
222647264
595054172
73998562
176592832
159427048
225640434
798767694
0
52630825
0
18143694
1025393386
671630546
459311460
739096099
173852237
31477430
194108502
40084141
311533520
368997742
463639069
28820
48102829
14457494
78930895
479898832
246650832
181691063
270712236
19903029
52468277
537614410
236952160
58340539
171342959
1265982814
6726376
4171843
391344230
555303592
260962962
4361774
8182020
1066652154
15268795
0
36993287
149468863
72942026
181128990
33708589
0
6861759
245796951
212674997
796628
908449786
1421900
852074403
86064777
142013672
1044972321
1131956
2902896
224273682
463078786
118665445
398255778
366006748
1422112679
397095733
1436014663
1465584774
164352361
377858157
630545945
89629187
272927577
598555422
473599182
26742194
828686618
194294906
330510991
475392634
764503005
153868
144456552
32233641
51440273
570860407
3375823
7969846
253784534
233447324
24629957
557501324
397439085
481139010
169465309
184907122
17612047
42424558
381526240
4137568
0
255873729
44532373
58330529
9919881
5537518
3189811
11950857
40189189
234754459
715702200
253543911
12722923
169739601
1021843537
745930402
34504757
62818314
240438409
215270939
52275776
115295096
569022759
79805846
11845027
4285114
445505503
470077739
12479459
1041439841
407526182
552323579
39633384
793594152
464211
452949681
394915779
224616156
202247508
236570298
74166354
258775426
131395364
17161678
20288459
0
297619199
1061242612
358446534
43798612
818506
403844810
62444205
535497873
105242330
647328689
87972101
58736007
88971607
153222144
12356370
1425352732
30681476
102735812
86003330
90659192
474884089
2353145
1101643586
58932627
3577922
506994629
291105428
85680160
0
571145015
352747627
1362958045
810263627
35832931
363456079
1117966498
138139930
228468510
49231546
691211728
2403608
190558
2803516
773720482
63727036
244105969
46690
297857330
159774849
0
852228044
631104978
34400941
9387062
1096448235
111203791
90645460
839835649
530163945
863450394
910209318
23022805
109874740
2433762
342697363
40936942
330144
9276376
163731599
1406127186
149696911
29766543
25393617
715288508
55707079
42141798
340012521
417662185
45211587
336774320
1041964336
12581542
103358578
766408182
18284838
251009
1123092410
611774271
101428951
6608
205359714
3960209
455408818
187584167
15923135
251543993
920410992
157487101
66955710
259068164
429166667
344800505
25681661
119870390
172037540
118106482
320796967
41021424
5948867
329193090
129761766
125285890
26046047
237083443
55275089
358758846
420562358
43677207
74429784
367848753
73549805
227404271
160413455
1015000036
434166529
94779951
776397216
51732695
289551357
583620133
84425743
2371546
12998761
15390374
97911
94140203
7740892
128122406
336938
355529355
5978708
0
658826136
50652049
152230420
3792511
428634087
384592434
1096141771
27283358
0
481142090
133753556
848149881
467611249
1272630655
131174577
338866581
126237338
7257636
135043125
1329933
947894098
56798762
250703686
273847916
684513748
207728490
809005227
1078514178
142097401
83789257
1058871007
189781865
1005337885
640299741
27427459
74164032
223482647
0
96983839
156008321
43232636
20235843
11693916
249785988
1025047
657217443
118036964
23239554
597400946
3918428
279973273
446367070
69127187
82778808
302742090
219719964
185855119
75051951
32845136
688207
301286614
178552864
1570658900
193504967
6362820
0
7427968
320418706
685049708
62050284
2617651
43587030
40056757
21644683
705487153
5141073
664349152
585836973
280548704
19288474
319469572
81034457
55872796
452919064
62715912
10366144
72869017
143939914
613266326
208374589
85358220
161880137
2417526
154113691
73865409
773870617
1392681
12832245
278242180
251027333
59058025
163798440
424734104
11245678
63148492
532721460
648353202
216413830
11969990
105549643
97555503
71113126
366877253
22558933
133861183
5622467
27658827
566092780
466807185
116266704
353122223
953604177
40367837
49538642
10799034
109088526
123554806
266256424
39980625
30755811
668265635
92204983
900376718
237716563
496387006
877345853
137139834
154931049
124176787
481251524
107451540
454323365
65873074
560200164
128628023
195074001
912162763
509188751
161150979
17996556
606541904
41255655
1050136692
17285283
98800428
407161089
1216
84112362
8435093
309917205
2047417
623442534
357179836
111754323
80479557
932705264
23735227
322822927
46360580
116376132
5428546
545453005
58657840
221922990
15337532
421261307
77168202
5130406
76805699
115051
333583696
1533831579
34490494
9873690
1301908887
167492593
0
23953267
187222756
13945242
90620994
130417645
168694485
234832372
228763758
0
412313766
138522541
901935476
31169384
864848
616019345
141390863
57775869
177785269
17300200
873827921
73243794
90897515
85846065
311984863
165980118
3039591
1230831740
281331090
173803425
1310899434
399859094
24174930
518575291
561671497
153812080
113911919
457409422
51730094
51220735
76424896
1241834
599906052
481612886
9818855
13341380
0
204902398
697035647
542319960
53346239
50501093
355543635
225029659
655695
179294746
298189875
59568994
176155771
330874603
1318934223
654138
86666
72601943
33854730
489358053
223406113
64890900
153209377
575500864
62164881
331413801
88396536
134178466
22948941
551953281
2135353
97966847
592950392
98447359
483169219
3721577
1062666728
1129179900
118589963
53585588
615254016
800546558
303894973
283934138
321125274
125874
318860842
3684640
1274036844
312123336
410678505
541819638
41580
179772453
8350389
216112630
64150165
363395995
1121705453
373639405
56683947
604871116
257980680
656348154
51438499
180767
100565005
303588831
7388769
100485
374594864
404535027
388368
817050991
152043043
73982264
870842305
1265923853
512107608
6729
45379529
180396258
353380403
608463594
18329835
10441990
5299590
652894346
4542009
70943422
369203407
66917197
182137792
13179474
13847268
891547934
348889761
61690500
451467561
0
562495066
694567611
13734000
91002174
4586973
37500339
640284846
0
89165237
916375132
523200980
2897673
55668948
429341378
229645734
593325
146412287
190186370
1095699020
34901193
11524941
864597452
287979
7757985
53738910
104416982
506573452
58152260
0
13331261
24664101
261649807
106025905
46004286
53479568
476834
7943353
141222989
343161474
88199154
54076897
57861594
30354785
4567666
775529087
440809251
112255716
0
64776211
602265
23959194
349892733
167974038
359890500
126781288
354018511
363625344
261228422
1011290400
384652435
143820413
14625262
1073175733
1083700337
12879569
114147861
333382003
956166319
8399529
140754706
363644090
542523973
867345887
355507041
40296227
37757192
256025664
350720988
157545652
864671
456085526
1016474068
997722
440380500
1020374778
842196718
545926070
26327653
54710029
167230801
544812837
601195763
787683025
55209903
28683464
227636
9805046
46299354
35811752
24095983
672742245
254983565
85379289
762243890
395551246
1723010808
254542472
769799285
3063828
823793139
3488332
505507427
300099057
453977302
110233657
509245054
8307885
3574556
5286576
3194665
164603
5734934
196006221
1138571480
1918032
0
0
761819043
81417730
27560151
45263426
506945701
352855028
174116451
45110919
449839603
50862189
87735020
715348211
58979576
35310100
0
311802792
109988684
296631873
436159995
203362287
1314006934
20283109
534384446
492703347
0
74027034
221455108
920573335
195833161
177660284
54125781
165640212
961803020
79219338
34489439
1142362432
1159960742
61080763
9438344
590873952
35481765
17021253
749289282
536465951
12505256
7034219
1544403223
336335909
0
54247590
56486995
228219367
26683854
39490147
69590087
62079621
595514500
565756408
1101575093
490942242
156624930
1090764755
125693925
701844
153619368
43454125
175997926
12362395
701007249
0
24747475
161285557
124403472
244320395
986697104
794360562
1506166356
733874986
600285117
1585654284
143828476
124872488
9479774
17307080
40450843
226156228
406069224
106462567
6168
7600614
472785274
12385499
189280
0
47458176
21583553
52246178
62598051
407535512
192671295
857948690
715178741
4416630
611831573
0
1041740188
78605437
2833506
528872824
1421330266
7486552
8148293
123785730
494918225
12604864
5984704
154099007
54493073
55611551
37231836
146643491
64013643
52840322
348861945
56664101
5106254
562403875
343922439
22655097
3232204
129303682
2750302
41952
259603268
127808162
1109631043
414586009
653018614
158217246
17605038
403974811
41859671
1308528486
15189386
456270184
83526375
866437057
21314840
263655570
376725484
1821572
172666487
35956415
2615190
1035843544
20752977
242457803
1510987
317336843
526669148
258474
545423762
511953648
41930435
786087130
701336
119119739
141667551
931823941
29717465
6745735
3296284
584062173
16708216
4132784
0
178270225
2979609
945493919
91821223
219442878
52077967
157554023
214677361
447189237
256543447
18820453
140858535
429505261
485089116
44646484
148831744
237693328
513357992
1123266021
580417744
117098
182937902
558347824
11623639
657219292
0
12595670
23288982
586103591
19476292
127325981
14147338
55328302
388609697
15683421
230800695
13277636
652018725
41992948
65988
385092657
553135678
50496314
0
927376
0
32580274
3125997
492352345
194119956
398348951
735972983
700447340
137849282
9017436
10394532
123618275
4599526
500285472
142351606
4806468
0
36071997
83767507
89382727
99456950
0
189828921
654767945
579977513
174684648
7793613
229139253
844670
537688796
10266180
64965467
26084389
631532515
615316971
248967054
2750849
9845684
94847920
433132478
1163152584
74319
69054983
242123406
21325
289478667
48516178
34532462
14627063
3119418
42428867
440515344
85900950
8308913
259668699
674458
103253261
128319459
2527871
227550461
422564956
744306351
371111731
216926909
20261616
119149047
98267805
8913352
545226819
183504725
221161541
980439241
8768140
422761722
7006980
649477936
366688167
422071896
35112379
597576295
111531852
11576152
12199363
236982329
65997520
9660043
374804832
547264294
55448600
1643874
112210660
634169002
124388526
645333027
54208503
867949399
240947984
104598127
57223181
15772676
118011117
140404997
246003179
896269304
47377078
17679107
86202614
195281130
873419448
33868149
146809664
13255468
398394
25763576
321314753
11038665
1265814
73641279
390578905
54081781
71142725
140949409
609479134
18093041
587414309
14340989
57632331
297179293
461958287
0
0
12893287
147893354
180071454
1270998554
23027398
333618646
8332358
144766561
179238941
558661240
161409912
129180003
284401476
26804114
481981724
41779767
154235160
134680827
63437078
87062325
140071575
334041708
15754849
70368872
35779670
324525100
42661644
2222083
0
5591124
648585315
2034835
71128226
58903
94158766
200939639
1476955098
1997885
134816653
260665359
647433596
4089841
38227230
587735634
1392375361
375425357
268066049
386964944
17806347
593612281
24372648
180707003
4277167
607532450
67819648
18490870
0
169147986
1472045
283710045
1823409
86265102
499796
733017793
478767783
559136950
501858363
4033119
185587518
22801430
193720860
340429107
28436020
232074399
0
235875148
22769149
97877434
17230801
552779221
248588053
32897665
733439832
288726522
114412481
25997940
8048038
152805122
22500931
60862943
497980610
41442
305890403
1328618
1431335896
95530705
193719205
79876111
290080913
37921027
299145623
26962765
255596735
2692516
8221343
227400883
30193141
187870636
6603923
220766926
524243829
590387133
452544316
8845903
40452737
2022566
1475795
11375666
226808057
70970484
1431519643
244835160
266853876
83011120
529214081
3836452
9965450
361374
26586602
1021573645
18319508
0
1117764367
666310547
56893556
15832100
802153280
935369109
13665445
255659832
891015503
6745375
649867361
539089947
308742556
788049906
1180676707
102256172
1066078672
2522260
1416554663
1449571079
449299238
85068911
22942446
280440875
172514256
296207207
18096681
502894672
359984156
285694
234693781
933695441
11100016
64865747
9002129
21818369
97490520
130354549
1119826710
386029801
1196133
50861793
29970254
755083888
642435004
88888077
24580438
670514060
336829296
14342132
498008980
210485028
1675977
46871306
431810500
354671750
35349127
6561694
26768641
45474743
783452748
964335394
226340568
82727824
370610085
471052091
397730430
367048218
326497149
420948408
358665343
353147692
148344143
882903325
20479944
550025675
3602048
164952737
417590599
98374185
263569894
3301708
184847020
140877645
167149678
26425647
408764534
59986156
103452098
356672414
464879811
107551645
1176920535
517769788
117198739
122773733
297275696
5572
3107384
296834466
519920253
195151475
380692859
7242757
35947223
2297535
2014608
132144177
408896797
114666297
0
61950212
113774204
47312538
56708480
12296599
16361108
853866
226799121
25782622
47324746
445503037
585658200
228459086
393167813
351620348
209106211
536057986
61597193
62491287
2100620
514666790
84881672
5555775
8916157
697797952
22903627
740049723
3089449
253509131
386036872
110803503
334124303
174181826
295232166
411597025
900965222
0
272510
37484991
1226526542
236582401
27466655
653010346
633247380
270068717
177742798
382300774
2395757
120202016
0
0
89590999
239156332
979352
331760822
384738024
794569008
50054903
0
69042710
634598887
46278050
111028213
1191595453
1125482
98966080
11633981
618011970
4164488
13049032
42488776
605241970
14829235
49678921
6635698
208338244
31627215
1320557195
299332074
55949213
359590635
328765324
483247145
46101877
42291401
70082220
681645
52458743
248248895
245371767
691257911
386954976
50594584
23425537
584168796
297967821
182428933
1220756117
259400582
19360828
54747079
706542545
195857744
90634811
1133065356
1447798
620565467
199593080
0
525259331
397893912
824824235
562138141
234439681
6724930
55312793
105066142
37085406
460971246
1154264302
765905061
521756
334632
0
350373999
112601902
239777158
10009496
1083915033
485345538
51929085
500054316
293984062
54069338
544308358
20303007
541177244
293018449
401945679
19256818
1002783872
65195347
650382584
464834105
11081473
215805284
12920419
17135438
259365800
436838286
9447411
819719702
534612579
507181573
17219597
40072541
855111498
612299513
90420141
186141239
466031042
413057266
572694179
146250880
397569163
763014460
64645916
54866515
227220107
497926356
22782539
68206355
134417876
337979738
1477480955
69022964
333060586
436391632
190147894
77715501
115004048
739900618
1884
172551540
470281807
473097745
996884872
12388848
43015796
101543559
274796861
92874690
318768
22369948
106005000
1463616
160200739
641731352
50225986
267314325
59526949
931247345
1071568795
24468185
0
300436772
8945177
28106491
419901668
197357388
62820990
1073648891
18295902
261431820
334156504
285714600
220453078
1454992
18872815
94446
650926049
191263795
639240764
2918502
98942926
111515251
154154165
47497725
318200670
0
33932972
683879478
28124891
3485338
132505793
3199566
430803918
30647001
1949682
19880929
42869349
316005653
533526085
943083819
55177438
33209010
5153287
1021511095
931480264
110476579
183776423
41147314
22377941
420945538
109832645
1365039
85528622
467605790
29022637
337877561
852463973
3782882
338304671
35611545
542255
488946676
128306501
60767717
55161703
372498718
2362834
38848700
80240198
687918450
51819571
190465372
428082205
84801985
492352494
516255157
110604166
1640
729157905
313026354
250569297
576554812
91180794
734585696
634112172
136504651
67398030
57155535
4105965
71513
122068741
723681654
135610825
775960151
1986278
2691387
0
694800964
147456217
350691527
997172931
2070266
327562349
377286393
392115892
33967321
576729259
515225208
143899472
461273863
48446246
562420694
630749832
202407
43032049
130882544
0
10598065
246437021
5963750
180435487
240113291
79343319
0
366150123
324134631
2140780
89261502
280436310
145616185
151850179
16372221
25254696
450196604
206409433
39799498
2187717
33750395
139166311
81495451
186947601
89603507
0
109624022
644012186
0
4639454
29304828
100704299
655408569
28871283
275568897
141856811
1320392788
548688900
471464960
1403360
1258117088
630886777
4512050
821351218
334363551
6678905
433992057
115189915
506485769
1896541
1059212135
934021732
62253169
64176971
303609092
41934192
126455127
575916218
8302450
2349542
36146045
457133448
113654553
465545768
872177
84431908
297679840
101593044
15351571
14567333
113720659
649990
201726973
322679931
1602876
722900623
47003732
1651742
432218473
194743621
39351846
5072926
9697782
946140604
106179435
46783569
120460924
67266744
318628732
29805397
284168701
390061989
152041201
86312998
8066845
890867308
52606620
67741268
1555196362
340061653
576601
210255370
1165872
962523
0
242556459
601554342
0
19464192
29859599
947151613
73078014
214293570
726637305
76333150
24108942
112141741
135045796
0
457556
68724387
315251580
313219770
168939500
30816455
42417546
0
145312353
1008820
0
1884902
630244101
55941104
1027083092
164163334
460372415
8757788
65789282
994306210
581559733
46455173
329170969
210200793
14723768
167775930
33532330
597380670
253982
193952146
175043148
250894058
2898444
33813715
491019764
17808493
359396634
263732186
2688736
146568364
98205197
471193516
133303074
54125149
4763636
289042199
27796984
112809292
1019719
1202453369
175190525
18867128
93742412
197412856
624240
248127118
204629498
100763012
404874615
804686243
489427783
23007890
63237582
74156504
11354190
96897733
2720
493655584
140418763
171384174
41524157
949499039
291616023
120723280
1229743569
937436690
257413277
567472843
30448889
200822347
0
103079831
289057196
173636348
340945561
150727492
0
391307861
582053186
841400912
11904828
888714553
170070026
278662869
299391771
255881968
157855989
54317241
6483650
8030200
90348871
299010550
210307269
1938164
384886174
966424106
788343111
333131248
142749395
13308513
862782
2360236
57048456
335346628
199366875
61205588
152662118
775884036
259122619
497457159
68617192
12627101
54348757
913378723
231427928
523736011
120076235
215619405
572909956
390471004
388938006
5203523
223394944
135373786
223905721
74266795
33220771
447282089
925161047
198573586
1168452570
315872654
256613218
474818985
39441653
176932335
657016495
251310140
4858264
5252833
194517862
113885456
1066177889
210800291
307486996
85420609
206134435
1768221
618474539
28257113
9339063
657427575
287736878
65964704
286512312
56511
0
538759134
537083015
578469298
207417100
1106550253
49464636
3086679
270059625
321776385
3414692
238925428
26879554
11612621
92624163
1238922380
7151243
566992705
27064533
7077280
0
61671730
1099145
387769919
5452900
300492808
720386639
35764184
223517349
65613463
504918879
206896978
673942325
107715275
130604398
0
6925193
7563
686360215
179987114
16816109
13036769
8964742
1274576082
179691882
153839424
91972580
15084705
139064012
310619889
481492517
0
243097869
2990537
27976640
170747807
13076
4482908
650611350
2597324
153479840
17826607
8288210
23028704
261220941
325682224
136596841
34626714
225527807
28223683
29064207
139846713
15800783
600681664
262250373
2923519
126389745
196600841
301539992
36353430
27884625
692638395
102923272
31900788
268196373
263435986
542876354
199012021
519095298
84241240
351906412
198232221
557028
9957672
6738752
8627533
144315897
1040846083
701276
44931214
408602351
174794738
113472921
221701101
15014250
961715261
2255587
863206788
717839322
23502074
36407307
91826787
1088304967
75561700
18088335
7679117
1085648
92437958
25842673
240493909
441488001
7084582
681335
316268452
14605023
32061954
80358301
823733702
34477775
113817168
1447394258
623310292
41915039
1283440635
63076479
707229062
4294358
4910064
0
7957140
818702112
926022
63601005
97198522
127439216
475007466
56092026
45494
101754368
68886471
968990901
13502499
37508611
234781965
113983865
56195185
109206330
1181662933
303350
71088120
663327740
151439100
82394020
258010218
269300556
143877473
0
295182417
33522878
423332362
75688862
102285157
428563978
221374571
47314047
7750364
793554267
62470052
53683493
65791300
715900280
367188205
9059333
251037626
1667718
1107882
109408351
98229498
60658678
9073436
67133
274331082
26793672
12669251
201915473
53766281
739968
72208891
412493092
289716371
398681080
130962429
105900408
597912443
967748181
387869231
131509202
96755301
761911417
287950351
196047430
2198108
207000303
23584024
2225974
1308644508
190836199
1065878867
682292277
415528507
894820507
0
164073518
201475670
11697218
317416
25314375
143065325
728189845
613278
136529394
1137391259
246919234
25468698
346360704
361478481
679398439
211314215
308675350
2908047
15696766
390066451
73619226
840328192
16858509
336091826
1032133175
39616474
622115932
157273254
4756069
649727757
482072939
116716737
342172810
3091809
466666447
1177811981
0
171791359
6924396
527500846
1320269
368830040
152552696
9150532
243254786
9429513
4357279
391019118
10682632
21146583
25628969
124245130
47501978
138764962
142844930
115330030
2217050
445797469
86953755
162322517
14073828
1553170
20988010
12009830
214564524
28164386
422797373
102866867
24569127
18912763
87339255
166740458
30258036
353298
3110510
13461165
78045735
583304827
117479535
1058184429
315102375
78436767
1124109433
9307629
74873661
797265268
917193843
515678047
292295
168967
395583902
69212552
466809619
94975962
497241302
402767891
335333668
158076757
234441591
11650410
14288244
13171533
50940705
1180872
513566148
493156957
436703671
394208779
293755820
52274867
473553466
2753061
7431290
4104
96474884
76100081
130401010
1531551520
78187161
9536756
82725910
192126359
4087667
337189173
446929346
513576044
615709179
163025412
729856126
87809971
737258431
19150595
277260138
233787258
5339955
96237
178094097
383662260
202019702
0
497275002
395131560
861952
221695200
240359948
171628396
408739532
0
45735787
113673209
724475425
146880193
14331388
798473560
12150825
338488474
700352949
207327893
940924981
205285468
103814689
325346791
601298155
8374560
5116162
790092193
32964350
467061936
434510965
214524725
121822346
321275830
3903004
76579901
515949448
523322627
709314186
224066550
5212547
117910279
3523676
123335092
1183511798
33835360
171417244
111601637
317854094
17815854
186950892
18787197
245581730
48313167
504794504
42582987
236400
621854646
57874874
159420014
850329560
109291473
594525869
40914695
59316730
240603805
20144088
7989193
74907139
53022143
8107193
131477444
22506923
57071640
104569714
666221619
859458
531466002
125316
47781480
3063956
43316500
100890085
842883709
50815146
42412718
214282883
34167353
283555332
644693477
47580055
255817296
203581528
62596472
9502548
209007022
110058625
144744954
133342695
1287896952
87267934
23223893
253831068
19199112
712235360
633093296
5160965
137816066
276915914
138155002
123980032
497346297
748042834
11812355
1761850
62617135
502338809
4950012
61096736
373695503
37845155
15515440
193657526
728099714
862533160
178456
504142813
87943629
186902122
1521
67139477
69559150
1242842
293265713
141579499
37767789
104116394
3522894
5906227
315695
493209270
1175441123
164640206
198323383
16013279
1227459339
106823318
1184786596
0
29613587
30827432
181428037
15896573
1347302187
138480488
237528367
238270706
392023024
60737828
14587664
180507978
965327614
0
802271970
47587105
783602299
426998891
922535022
260650556
548828434
63364641
651187403
210470623
643325737
29894246
39947797
495304914
206563013
58104974
458615764
31953657
535156502
457750803
10833667
74854384
68310238
1918306
82864520
27388
178093002
666365998
206295629
146686351
8993911
2053046
75378837
50207378
41038653
583338848
40590148
108664187
109121227
195944088
6398911
4201553
204484721
94333116
2375811
165404756
28204668
51773383
193125451
864813647
8565398
190587791
393232794
751279
1030051885
11664114
160023663
55758655
522232348
155536753
3239221
192675539
649848442
674146146
4148216
572734
169409522
39482263
283018433
0
55776
315862690
612224
56070328
293292409
318997325
0
8247908
146513604
271144910
72581905
3854610
1296921279
106144532
0
160758831
87339425
254129201
24441997
569338826
107924656
1006643699
649451142
59354660
41866358
472168358
14784690
820430744
513831085
123689695
0
15176984
1161908895
185896210
245058138
1182474
7180632
425543955
521158330
171513364
488971900
74844743
33715647
18021514
389758474
0
221243263
38021106
46029472
159796131
55304506
214298327
84763739
428523
7917
168049331
117040
638012697
37008756
149007763
84994645
106140520
341601987
37384741
3627977
484923974
348066908
179447373
26421763
11202497
80718604
0
2696330
0
0
42909648
27333843
67970105
505747196
1674166
68107538
10120489
38348744
111902586
578481249
187634241
69955627
1349784724
9501258
293107659
102414671
16921483
102988615
1166597299
454268142
95067363
817678031
538509281
256697268
118049299
182091059
411912736
3027759
115122857
3920963
152647254
520621145
417513700
85229122
267454
533901613
460382027
176446079
994043009
235187681
179505800
77419859
71255688
221980300
35599496
182270339
22716323
850681799
238863050
53532947
594184185
16094075
18837477
527382219
72677064
524510786
26188425
34973559
19919766
306698452
152380169
57122130
73193080
672335879
77449763
101597240
128693351
1199059705
18201113
67984812
733781455
3737299
124806674
41391332
224657348
19057075
396925782
537166518
610269245
816341907
302257237
1249893821
245155284
3398037
494732748
477917231
129633118
121694403
369417956
255740599
83598872
42747938
49615713
140078360
1755125
14345447
126227418
21993720
18640193
390372172
527101409
133023279
547829243
417232866
6330851
81726240
177414603
1458892780
224871338
580998123
193247895
900901372
144838029
890127072
1584028
732606910
381618995
159505962
1012001529
2462630
1209414090
185229409
1123125542
0
85273954
769381863
12331464
241220391
69496269
494236136
95961311
2734580
13654271
502356717
15004338
380467959
225184323
32839320
590607488
2591778
533794669
1138906953
103905
481569727
6804791
201116978
548493
378574250
1713212
0
165679640
137647041
145360561
159766386
88423282
451251370
389732
33040
583445807
294246846
148500
23212084
1099178164
568180
903664541
181452060
172881148
0
95684413
452945400
0
607981
91362642
106708823
35635233
56515072
292473900
520861264
386088986
210372
1255081571
80563803
233664655
13115715
125333136
283038745
168699537
119561490
467843232
1769810
187595829
2190727
146006867
89131585
1197114260
800283307
14118471
813576168
705245069
12600
23933848
13203103
1505592903
1880413
180063138
6217779
154730521
498395998
12357982
462
4006394
429340372
395596845
318263789
0
747154
5048471
129233211
62069381
754805499
641697162
0
483142507
4884740
90826082
32704176
7869017
74561812
1040593271
1855127
6719681
642497808
8348545
244582863
176941460
10416
564406182
123492419
520270588
401590482
383770
847516282
381285062
15053199
236007747
364381691
141311697
50643080
518714687
970037400
400825454
9095868
242416902
244209708
192554944
120469950
271636654
7748038
1729419
1389151
2505583
94167734
14642350
56009225
79980748
278789044
874579
276635140
29670
374297083
693433445
111103863
435714225
43599728
338438478
23558743
446385552
503909643
349471758
664925
2294825
59905552
6882618
8366
4202626
63969606
0
843145130
67289531
285685137
573687909
5622836
678340801
217435052
1118095
10096059
84432794
20755457
31813930
69382531
575143516
253551947
374958170
1050462696
1057574121
121376491
210744693
5687726
249153209
460708520
0
22146427
585262948
762599822
270848246
23841845
96697359
25488374
74164082
0
0
29758769
83387048
327020434
416101388
59626
4425572
8573345
10521384
9705125
18007189
15533
261320475
146310643
21239
55648180
223455013
188629416
1169041368
251384768
133251093
1150426853
784798429
1212635583
532522613
1062646836
342405661
301995991
188366872
1063765805
153256127
12313093
838414034
57389754
76656859
274219447
288300589
324939127
0
0
74164603
687148600
0
370777162
6142791
86918444
0
268777649
393467080
915766460
775074740
42682846
23125550
12569310
65574694
257448545
139722
621156919
569028311
7232172
351368474
40856066
10521595
190266521
652493562
340563507
483691
369480078
541824075
126516581
21553348
78968136
39734423
21542060
532785535
1225615166
0
0
7572957
4190956
283641114
623744423
459777779
44852319
76856067
149884433
243993321
312919252
16576458
279477045
11022679
10058492
86665651
406164112
7969775
1595684215
1077597
159995976
54955581
901837390
101364469
49797897
857822600
535746312
40164310
774923541
217618550
95912199
128352764
0
58843724
726921607
0
419955963
4546571
543671766
30518152
193758886
265816456
1677326
133013343
170796575
942933225
251481505
753497
1107463188
94733536
5379284
288852159
65695512
1414429911
588140
4845050
191517649
61664822
138909577
363894
5261774
427623813
43583997
191935128
1172037967
95053872
276831555
5444672
289705504
106531493
61775786
30205553
528080
497924892
277635965
164221958
281043761
14538644
8866393
214987017
440451020
774012200
47030732
1915841
309805138
518169949
328493528
24383838
616506224
97613528
223087280
70432369
727520596
1469584506
5036945
45037435
430603537
267760088
128908223
47297024
608822669
516552864
41987441
94888853
1535043
161882418
46824033
4536104
647698755
849317854
144683272
1148400187
1155304
715033
255094362
35095702
1048418814
120130217
638737774
921873762
670014569
614897956
86254822
569123050
13773449
638863871
193614794
359506516
0
0
1327687
359492401
136196269
351949953
74709723
468186671
227014476
293959869
145897116
541405370
617442754
245097234
53664296
10484007
51622120
128201298
357060611
2813711
62450674
196647833
616306882
1111843920
225178887
411755308
49203045
23843
251534716
611080943
703955091
372938025
24989003
185088401
39625783
3550298
181809480
0
63415638
502971356
147780415
15435859
398382049
205156210
262773300
102786788
612712720
0
51410027
4457221
443420653
133233839
1642835
926778903
852345888
271415649
193814188
1052693677
1203093668
188860768
32448
988902561
138541351
567174728
29452177
524463924
49487906
937408668
323851783
172561602
11902255
51119074
135506116
246332512
47471277
1634337
460201194
714372206
163986200
166273077
804472882
5788496
3221190
345486
228283271
71186588
12454008
434062956
96419884
6446516
117920435
416979304
528176931
61858766
56605557
39160255
0
738874204
213887954
124269813
676837584
884907917
377792820
48512738
358707492
393586979
236943062
298270514
41782723
166870581
41015044
27497920
307478902
250653101
43554525
33404302
94094671
413950964
64854311
885948843
37673937
860546010
29306924
287936799
580448275
257750835
94501103
13016568
26348070
9738884
28181058
519820304
98516271
225119622
394990990
5522742
25210674
11561
1012322505
31516621
510455832
651393627
141628933
40049011
111361833
1081433
31529799
4610494
914318791
192509269
39438362
978261315
17088562
41808823
126006320
97140319
156854909
113099686
73584741
1304086088
31552691
564811384
409740821
543823320
258389175
409444191
308675456
344444674
384829522
328914572
113585662
1078391620
361226799
12120739
4156814
1506193682
433777136
333678140
578340806
278697510
163870392
966455930
20588466
28903405
29499077
26002110
6942341
94013552
405018024
0
349548679
193108142
348681398
4310868
11625060
170960897
552542
14497032
33609520
1062482622
8495513
16340750
5377235
29054847
449395
271900071
1178050588
33963960
20061269
73570286
10960288
13353001
841039
279610240
302100554
414837051
100029404
13605328
58526963
327698767
129271411
168707600
175529034
493587516
32532835
1105872427
455827556
369417093
726780157
116004236
25461170
810854569
978431568
473954393
103321
15074335
687268321
252419443
655471515
23848883
177849950
367961412
53208159
386359817
294310403
33379
280092383
7144783
79682155
17279027
16697001
18301156
561099739
238177670
980535009
40827956
35003709
152120746
108840339
56880150
58940624
273506023
17444202
112652709
13457690
671062957
35180874
180146127
874998743
379361521
2799313
855861904
520133643
6855738
310124492
43526939
11192861
30039623
92373435
264923660
8708550
79071702
566166410
65024
646180285
403240685
25760104
243588738
60345211
20909705
495391748
79882653
21272185
3339458
327823726
790894689
382935461
31746075
78663686
266793680
39158
7323544
48204673
160467499
194021911
93279485
127397009
421793
234704589
267055081
8667483
645070595
168261464
24387748
1130029006
58539553
383213101
6174756
645028043
215766999
202486223
179343988
261569
117589467
501908617
101367473
364353066
1083942005
281424202
180534371
114139
42874026
35541188
325185005
45369110
19123714
366755188
264342133
44663557
368406576
284461639
337561290
252596735
455242340
106029148
11425998
178564476
84413718
54805378
764228870
221499167
28333478
78919160
1072265177
483224080
156560
178623220
125514973
740976195
1471429004
45073570
633544657
1464951129
273002237
61011679
886742864
126369017
34816247
893350821
14352185
27592512
223268562
52258256
199300395
76138116
371241044
0
159419794
536605849
721217
61638750
223755755
55851212
232846097
78005378
669935383
1004230
23669698
495234992
261962928
1202444816
147497327
48693468
65022808
9297084
390889991
558974182
44584639
857661269
69077620
1090366053
271572016
12844
737091
938141495
0
412041003
492487247
178272623
1592081835
43374751
16717148
32636750
488321972
409940508
37411583
354862610
1286708
924357697
65980472
98338814
16257433
611142355
51950822
82297735
642984325
2875381
25044724
612018037
68878018
95515952
740201504
79753077
0
500393654
27733392
6166751
190588490
56490787
302495826
158458765
45430992
44404922
2117097
158500791
183811043
1006204210
421648811
68686109
3793214
733526622
479107294
664394744
332336834
525855032
9357719
10270834
102238108
622195176
580876727
107412864
544678167
87510669
115750046
623807481
167014453
30919482
179037505
499550274
51154670
739071827
76203341
13955644
706451779
383304099
9292451
286818353
95543740
425303168
211933844
68483502
16133411
1051321
344091529
0
327638075
166666886
0
432012985
643077315
17686217
732633995
300560222
39315899
360447787
1907167
57441766
423288071
44607453
293581633
88209133
808929528
68922883
12176863
413951
234221768
82294651
158865305
9027276
90291209
2218485
864324214
23982956
1268256
848560
224336536
917967100
15403445
5938950
350000523
4390482
0
84743001
70493319
88272522
1095055209
714296714
150435959
64337541
1633909
81255520
90563098
544641801
190264650
766370914
2328935
32148481
1066584119
70503335
615875318
107751987
146877149
1690799
41170770
29845755
14425270
1153071263
189232924
287357281
8966244
5354315
544039994
1285347018
44357783
706109523
1076580157
105940016
538174798
3675512
26984920
3670536
2420763
157334534
73055678
28305687
178933415
393854975
204416441
165943758
170773950
260665488
12246
164721506
75690164
26313486
480710643
799096962
42388899
83542001
3016549
66552022
7062737
316431733
29322619
58423298
14923899
140322023
84293744
98856928
351272145
1161878331
151970312
230594961
196126766
79540633
186926104
645625752
5744648
18187255
779166550
337309209
8467800
0
189934087
4660264
4843459
360761076
534223248
87993144
251619622
88024854
55931393
13402877
6539009
143875212
132562083
8615701
83802092
236614334
28818070
225610011
167154984
5479170
0
322311084
76039485
201176121
190257200
79983307
487958688
16505267
40189516
511898368
377507875
778900787
75894097
275579215
618135154
57885070
7064720
176608702
489761066
549368639
130399171
188929925
485784829
111186196
3561178
316320399
3451513
1344408
254992951
1841650
18744263
0
188837629
1214341731
381126692
897909397
508417599
78324183
252157928
36381114
759356
0
24379316
453988175
281581909
164237817
120600
10238032
434467476
439842040
293472318
46354376
215204758
2361528
239384182
222014829
230889105
425714078
11202953
35686773
706364065
20322712
101668903
617636353
743988622
66878792
620784398
33735024
53904040
6333923
325815212
15188783
133283207
969287037
4289903
208855250
412246375
3480358
277532619
12404007
336425478
6302597
174862211
223889818
400021686
901020810
674817897
12619869
183329649
520717993
364195933
507945957
19578890
1446821
1873303293
15331174
340911909
602360359
734019556
126787145
86062555
1109279349
101359542
149795403
44706761
528395003
287095389
195899690
2378409
13781639
587679329
505178641
257086296
209271
758717933
8127828
0
12681539
12278310
91153002
173521114
1343262258
8590561
470644865
68511167
148538944
174754582
428836885
191728485
640635518
274919983
8038090
3031251
115627395
2990323
1244915526
677857284
0
340396670
117340372
50191038
581020033
155031143
496520027
40857815
380526135
508223974
24140738
106132995
446668786
99199399
86176876
0
1129441430
95524055
6857576
1164603289
751138952
13856047
23848112
345573
260205546
1008167208
201662365
676779980
229424765
818453840
7340006
382938082
294709110
226026044
116539503
1343598405
685110479
207142781
288468530
595192063
0
217902257
49793793
458815937
26168345
21481058
395386491
748315645
237598407
36636
8349648
673881709
405121831
448803159
318465
525857093
152406634
599772713
115400520
43247577
339457759
13160852
9020202
38932
311288069
155271048
1892400
59970898
482674283
117727171
43807521
166735184
129292036
295755960
0
100125682
653718625
52007377
800276939
686799
896539298
362597534
34542169
822492
30024347
575501114
90611251
52194948
11699688
7624419
32674586
1153307
1341586825
315511307
249673764
151836295
459383
938977988
399229658
829129749
44187457
23173709
286222641
798150708
101343941
292492723
539430930
2604449
391575473
2788873
82592510
29709901
364778428
210406
1240406212
9635157
211194779
1049419
70408
345586000
530188808
73758078
52766902
1031976802
254599004
420835369
278666243
479489807
273527155
337654869
46703672
193070052
1997293
20475261
19825934
14551747
54032910
381183733
1234737974
169869175
1974000
1228031
667810335
93586442
2705289
436808412
90302118
7688330
487362387
92967828
1921888
814799513
171007317
10130510
205054125
0
196783964
11624056
1435279258
560963886
143941326
147415174
24562592
127256465
39102720
93055065
55306279
108548011
683077789
172864613
121889750
608150477
2719074
78149620
1008953
48026137
23591145
126684
1215475
513072961
13493890
2471629
368526329
2037142
37542727
139967801
12532017
26503609
272990350
150666629
151281585
728157681
98523664
3881377
5514829
1025553211
88579597
679264129
265513863
106958103
50054776
155382875
5706941
970302979
967369922
149234445
94754438
780529423
142215798
103048
1090162
105330895
327143340
6392416
28198826
23433248
0
7602231
2369100
370338243
70817
227943019
93945623
214235461
580667260
255785465
44458421
7626325
30697325
52904695
64720095
464459689
336206
86211842
106675575
53467314
879664109
563221836
483026151
595955512
854629470
29840901
367101670
0
176035356
23561623
1106781136
4592893
638827535
909192350
0
2013
359586320
269058699
246426206
20438345
260695707
63793692
413367649
181333479
318578621
137185809
1500467503
950277724
760821260
780473744
5450896
90666899
2690334
4280754
6448001
667413194
29724304
798404946
438896091
5242956
0
214129729
16410504
371195166
101321
10898928
436164537
10876541
275184540
21173508
62670379
16033632
328477206
71572028
546374206
151847870
0
44794452
35015590
198569251
1147792
214015271
523682
13030930
633012492
74724909
87403736
0
329394058
538090830
59313234
330072601
1215149271
1201867176
245492660
196772966
3993302
338640595
315333815
38018746
8091394
5546164
7301965
499369165
252791997
686165059
61062003
187098957
59475169
486342984
27655240
1052541534
372461
482048365
241377016
521831998
32272424
144655426
305322797
779715111
20338756
80906547
8301221
77593156
160891
941411283
31535312
74245957
6130001
252230914
684190585
133259284
154865627
4924396
408749632
1411547919
264808515
1446503920
6435359
166858766
217763234
29444976
193196773
0
2878770
297815162
1154020016
0
54860563
784677943
54695578
117060507
96923640
276101489
226548029
0
2258048
908152048
1158419890
925139536
32077135
399294087
762739592
858287083
55469951
43606495
645170567
349851283
159025509
94996388
485738320
217675783
196142019
188761878
14638238
278058612
407555100
82943183
16212266
18505535
712080735
747840039
110321396
52576
311129196
216144963
137164040
57235834
110323108
2683801
381427035
32535783
1422779901
342629341
20586244
60520491
875092
243028039
88264423
139475736
131007
1023378
125520430
234915631
79010230
60811353
916462542
206639355
205912241
547552029
62669267
58580907
14567378
429049555
346508972
157999441
777061663
361658405
8496470
1302930651
67210039
566333206
343045440
171757987
159481060
157924386
746385896
4312794
1616416612
159510209
266291741
18401406
10622256
139738
117963683
628953996
177531487
392283114
81500801
984812398
16961373
9119654
191345375
391590961
142202064
510051917
6093689
32277217
25970881
7707561
30969662
164562509
100126346
32003892
309893866
90153884
264002049
118791124
55702487
17817369
215252818
88495474
257955680
939042735
176272880
82563476
47378207
13250432
144739075
48142807
5954042
323071548
27168096
770624596
1245266042
97396158
12883039
1702842637
1040163007
32342545
1278379
143938069
22038055
32482634
91094383
248057
770809048
199231481
80258884
24420111
192655187
8249286
3191827
132872563
153894826
242253382
5843395
26640597
369318
59137752
25016877
253566721
171339771
9326595
93449793
396535647
122105800
43577379
143422250
472890284
115138635
1148410867
44007249
179162878
5180027
94050
49767053
100528629
39649856
47543644
56048503
36033727
509816631
118919245
286633411
935475383
96426599
496286627
8837780
138826490
32610333
689637265
288424512
341814445
818817530
372314601
156669
95319
920843529
375304554
424092226
286822998
698085288
219593032
83346221
18885942
0
370554550
1085536856
772042295
572725410
155248155
321307502
4034864
67160
3684105
24409179
82604489
3710722
10613106
890899194
748923629
394126341
299889304
126623740
450752842
31530079
71415258
386297057
20711747
11814368
213731159
257552368
1840647
519617845
24880408
513835915
249854992
291848
887350995
146140120
144065523
643930752
385959783
234426316
496694827
155213258
33267764
136719139
31528677
157745729
107221539
119809082
252876185
505588706
39557195
23095265
392873117
269616955
504992639
277448180
7130264
7915335
581297668
858747709
726984774
56932383
10817996
58946447
252405357
63602
175320148
633861011
750711134
5709282
18217124
73481656
279521764
127397655
3034521
10808961
6008592
16569280
604515814
48417297
135983334
240690586
411579860
29159491
3574080
601977727
297656589
33384409
668687059
267196330
78950677
28434796
172472827
19123714
703598167
33155668
476949593
1205345043
134545952
1034845892
512933596
561541595
927925944
81870349
6709929
11200802
194871419
283959258
177768733
0
626588633
244395245
476719161
1122306002
102061054
448596705
945447022
434553544
81039807
1014628986
123993656
46410834
271776391
40807355
42695448
475189288
600895509
239103573
21879133
28531277
125102459
40421575
41441508
692530768
454658873
486960638
138049105
107341131
57627136
209875046
1056364
200350061
954559607
71097143
81857111
15092326
493767324
89946
174930
7746345
12374144
98545004
665080986
101518331
68347405
440165806
987999974
999913326
215120506
809280669
243627644
688364625
1942702
48336130
402834540
935835314
538291558
7814666
739613385
229991373
660392277
585509346
664531822
3534680
24606089
365839135
0
21287434
55335593
187636756
0
58304677
118799319
76407331
6356532
1239835975
1014244987
356037858
1236136290
598306634
597173585
191202454
116367777
70689137
52227492
201138426
12840636
24902521
45490995
63410424
364287796
7650946
318504680
952065498
856316967
29687552
44093070
25683689
1218020446
817252087
881688791
39295994
55740058
126625131
1084314
172394682
0
34225340
17902080
587338147
598623173
334911367
48294025
132446762
0
10063787
268167471
52274147
261296249
358314518
297598299
127043388
180853878
159864557
136709078
115569416
175444850
544456589
5355
907271840
106903550
76003737
80090855
251094761
278381075
34856580
14896988
97945201
448289554
6202360
327894729
1136518
996023244
678157705
37339524
406299910
327585606
77689837
156961893
1684404
181403315
41801091
85713074
165029882
22210717
62942631
243841763
200571177
186870321
3020585
8238317
4039151
19776990
196560896
349290002
51346849
186715821
222253925
226741646
73526311
162679911
204121878
739269549
100132024
252408521
364074642
171855548
10417712
68359670
46172885
621097697
814508592
215899293
50666224
580256054
140365085
17749707
98436544
152491005
6818554
136083706
78330458
1481667
19720009
517311105
222446813
42414449
17882260
53945898
1359757
1319756385
301192800
127381
285472286
3852705
20572506
863752791
286556737
946756972
27476568
48445010
617547980
847420639
172706194
100885017
129193988
519993484
36367606
628226221
232767588
32205065
10279682
18440995
738724825
232825488
470370323
388246276
32318902
336817
411667522
47903500
298470175
758905266
169281327
361526619
108410150
32045197
118507817
183699
65637
324193207
646293141
553445982
43715428
76590404
37022760
304100792
1595
380123908
60662056
40454841
204626959
273900948
644408554
816928279
1754632
104657597
60900
107771385
432804
16018101
0
159064950
88911
113182530
377313
76895122
681991078
264326789
67938080
1115593
157804846
345780866
243886381
310458180
17738283
290130762
8932279
14285030
429253327
331651694
869040418
337092783
39162997
3612897
1030721237
149027543
1239889690
619526051
75151523
99476690
14145990
3068438
969133910
106363540
108945355
660727252
888780
9916626
97177248
569931
1659144
348889794
551900215
15626556
734389947
505763
1848860
338999087
791853062
239244574
32243152
231219452
193419315
324883925
1184707334
141910581
753692934
755753265
48135615
1004016960
45452794
989203933
894167206
1799482
51215587
165939976
8463
590152913
293046390
318201451
7503716
7069311
5044943
31125109
235745302
188400997
83793694
62849815
1544444
26076856
390103990
48724283
192680693
28002801
229324029
50025
10296076
37138754
1366991837
321428719
23741841
108839098
365022757
363387765
411606
145112220
450455762
547613007
85295080
107762423
272155653
241405881
255193091
1425512
1169157418
337873756
1370676
268167818
28440425
230734698
86025122
74876619
0
4969407
7732644
11181846
280806403
398009671
115549521
368923095
617543014
91265995
336153465
560360512
1026047290
65049712
40636006
624350670
170447
895120271
273877868
178920254
127755583
7918904
224231704
270009091
354121268
306861732
494058195
137145136
251762671
291138600
23825049
794790360
70359536
288920
3042282
1032948430
534247991
325002986
252946245
751439534
12876029
551212466
95999557
374970544
209966511
47471642
243096871
210016663
34822652
191795135
980107481
174794253
100640254
6986397
452883537
206058493
670950153
642838514
561503052
0
115780238
153386053
21042973
1070439595
390991141
0
299992883
1339974428
156161955
324442570
180166
30202301
44910151
454108542
252194817
0
21310461
138123983
959058756
263844
96721946
76581025
11959160
155673138
360232604
2799202
2274871
293641229
0
77842862
355720022
51065943
56287460
50745179
319130585
1356198
507581
13239146
31197103
384710506
1055312537
1464696381
47858002
0
794331229
653710471
136611755
482203679
77928562
144607408
115676517
7497602
254571944
203195833
43718113
233708699
97621
463926716
228007758
48878653
108746051
38027664
142455347
33598783
225630
7316842
251089097
99957256
131628128
215154532
238122371
134173787
1381954082
0
0
1442064689
205045033
671487
448272387
436404461
89927713
347643627
124258591
1401250
199246095
22696854
668497293
430534555
925537603
186582
10540837
300390
1064429284
69851589
616935114
10783442
155361730
268798651
697000798
12637175
4813447
54677268
291313931
1123516141
61111651
0
136653226
44723585
272990873
121048650
174673941
196806332
309721677
23918344
883318465
134953515
50102
481656650
1080951460
541380
35507517
96581765
25051336
747301467
110014426
672291922
60175529
415420744
43587369
428641076
135571161
319469297
0
243736242
22716633
470286973
54263028
1377587
702348767
122429605
89323007
197076788
9965670
42360430
408059682
179253835
76759036
461329716
1867676
159841118
0
512065725
101950526
145169638
234015660
224428511
1604117
44578257
487607281
14805736
368502682
30143402
83020130
732585902
868576
285036494
619679867
16979147
2003256
127797040
326778282
126304
531530170
64633772
798805218
18918802
197143456
28523955
44100063
322427202
46297226
718545551
365076292
98017441
18017188
430118354
58851974
38990262
190682908
408181459
520693240
975024200
56576688
2326632
838429586
66731937
4135296
155916405
270928372
74272339
4332759
199255655
86026172
276789575
394063254
95265518
87861659
3540831
152228
34833931
3156657
557461662
0
12725388
875050516
104132904
2109560
271755700
11511860
421078555
64334913
160710636
249063463
64276471
6901168
9649740
960840984
296936718
4054073
279159560
110501666
8652369
689623438
942205023
50741108
4457515
190892956
2255643
861210545
91788870
799244529
858938927
396519880
692561601
163977310
5060079
114670341
299025296
164634261
248626434
205454476
0
0
14640714
420323761
4473667
34538834
314241584
133545811
473681297
515733037
190372916
243385034
33920387
0
59380703
537380403
106682655
152150695
117935501
1439314768
119871
35681253
411673138
78809988
191480785
36371005
0
752887969
347673245
85272756
229991439
503322073
6356530
76387057
112269566
25646769
17764498
1854699
102838726
24368
817472375
3569596
4551555
17181465
5681898
73538350
17865395
297784228
200582697
14349448
924691822
52985286
926878539
274453637
257916794
185677934
735679462
1801812
772627288
14094302
207744945
13915535
1283331297
593524876
295195836
116528538
123288525
308371956
111745309
320447022
0
17783244
0
132636333
1144884212
95201939
3644417
631700592
49003821
146443181
199127939
229840050
531536037
792320060
484758886
38008811
262657624
193381702
898767855
602738136
4599687
55002278
7201552
117947824
0
100823242
187784597
69357564
469532884
45020476
56206240
15200117
965521561
102056135
497843405
143711237
206278811
62501859
98537695
465414
0
5372590
16663686
49688448
18136666
369510606
260876151
45141260
380787
0
455493880
327012
137938099
0
87305447
229276886
976628152
8505275
436330030
15202214
21392383
565144931
80906138
608794
124611635
95183303
12954291
708986037
1084838086
65440461
1041371968
28461721
19487307
104947751
31890522
88110189
0
234433486
1718989
424837970
50894869
40748993
12447371
46877936
946263627
0
15120169
32274039
621121825
1163762328
225348700
3756785
50741997
175717635
213813
2537487
84529372
99428108
710628318
1167277324
1452039806
97498348
983555616
5165830
1195372062
1432920
3445158
10534080
65190688
421110185
6718708
12470203
49766383
77311610
1195139440
7471498
196220781
10498147
65370749
15638830
35427498
97974536
871450681
398601798
464683991
1220919353
579382688
42372275
11437314
155710971
50357089
16196920
694058955
447431
88770586
22469692
347524997
1114702128
7156008
855673738
15260671
22317801
100801498
117025063
338161514
763190747
448340053
589608649
874014832
555876665
363031768
0
235838691
52873290
26396999
263358607
219283560
430641730
545804776
490551171
291172062
594183046
86878416
565846788
45747210
349134035
579403415
58483473
358877043
45740970
71821194
716798776
0
0
180796843
839567913
10735369
848142132
627879924
110145874
57060005
