220094802
194704323
350265103
97240109
510135189
523042894
771563610
3549369
991262211
458152928
5138715
477802750
199226595
84430809
34713033
32074774
1189851
7051120
25082739
65399186
832299
402102842
61704319
441150988
387292737
80961338
610226736
89139327
153771606
141097054
952564918
12875283
141430496
187979161
312528603
530793843
132822684
457000696
386950344
187048687
415481217
24806383
89023310
1114670183
334109036
150992643
301040097
0
215169514
24887
242776607
161625235
24539179
34777854
9166603
31243378
20637809
148773006
931734920
183775504
143647981
3041027
117393966
169605038
144867033
431468569
0
881213607
6133113
838126112
620018939
668219215
156991573
1512815
210559603
406789708
9828452
571500609
314695964
61673623
97586749
16330308
77970463
161168567
232047727
129164589
565481080
830785
4727807
84069324
207015883
239115195
361395116
488131249
1048026850
4625653
11584399
165019408
132818046
87446451
9768036
91167411
477870795
23967689
25488125
229754078
843990512
6383092
286443547
621619982
218783509
393366011
38646608
1774726
287629337
395044871
23995222
107664902
359439062
186707863
167991739
487343
829080
277113711
82360569
834632028
23645476
117899115
321666529
71389335
312149855
364229513
36371445
191546146
18568506
1333233937
245393361
49610630
368732
444464379
106056615
218987129
239242552
7198170
62361516
107254003
714526530
403072664
5458806
162604137
437633678
10675515
141611481
530165331
824042846
26197663
557077358
881689972
261015084
726214887
298415547
189692757
221772230
81369175
233033176
329318336
12132203
60853887
149656472
8048603
139751494
129373282
17888
263013439
1216652456
4844
11645387
468964787
282431183
681283898
360361222
531755078
408413723
911440595
237213795
62053763
13820246
109428108
31160643
6974665
18114271
248114742
88804931
67729056
150437204
281411548
1295369
362786937
202223613
700096157
193414708
167919360
590817434
897937263
26041760
380818936
161201915
592153875
34966274
0
406666324
99077678
261311024
52410899
89153
19021821
8790992
324432
312331339
67833257
320124
422813326
7620003
12095138
147619824
51458973
66565375
91007236
44025862
67078338
490704062
1009807999
373876327
98022141
873595067
11821591
51414
97121203
528016268
796839860
119924882
128460150
879110417
113921970
38714106
1059510
398712032
4558297
7437324
1310161406
265663823
0
21279244
500055774
413433
8447763
234723695
2647226
3679355
23420419
550618777
133570220
192259060
921352082
141090481
613780423
199152169
163795
252904540
16346061
800480468
44519137
11824102
6737049
654192
65959759
104330929
58929461
60912531
73725741
188183429
300777144
738681077
258574288
802979492
49079537
1960896
424675366
79036937
439258537
271146477
57154954
84701113
210608317
1140232275
906256475
62372097
213230583
62314092
74933682
93259470
6940950
138674090
1938624
99001016
8228214
466270198
317001023
174938476
391172202
30605047
4700060
299677726
556412478
1211312538
594827831
89305174
4543510
33646549
754718013
290762350
12565101
10775049
190972195
49224850
240272133
1437178689
295335805
414364918
93084179
302944898
3618186
87617647
47089225
0
20996379
39371491
345348754
1355366
157699146
195424126
195093506
0
0
1219562831
498649476
194602463
455286
884049775
28231425
444354238
62137564
226359611
6913295
2701980
0
554634164
197396569
1301549
261628098
536028059
508055751
206049610
4219270
265466352
209880600
347012955
90360168
178416937
740732711
123404515
2523941
867108787
635818
86490726
64086201
248963658
70604851
167738
617325781
8598362
40020686
616313902
184578288
189318623
231395987
71197044
327004527
242504
910860093
102062849
554215751
2281050
37008526
205332281
19054001
0
236053647
277402409
325215558
190279980
196392748
105409732
510696844
41666381
880876848
27566272
50693750
212648489
103261449
110154299
66276267
337988091
39223156
6112157
177471193
189923056
302368700
286111685
2325238
483429611
604799261
612435867
38190033
58026174
10463141
387215525
11679204
396754267
180447518
33586389
60505832
239359361
399383449
34465721
27908934
112336123
335150156
154733680
163278
390855418
607024027
44263933
522387
265037914
561482503
21689718
700649099
1079435570
97291933
801899330
62100
217818337
182014226
1479461673
820498150
186634852
7368312
2333743
38901715
150014463
104720460
73420836
100894279
47595777
670717702
470802896
520919
58202273
163974533
169751573
11185821
99283
1211812424
60773430
2168587
417584926
562349897
361560523
37031262
91803626
307235143
33093380
54482343
138076119
403998277
62387145
216491615
387253079
156653742
745920149
905199363
102379495
792235458
8108212
876618174
185405066
1324886418
105732882
8684
117543160
892187764
135863655
1742998
55158981
165431214
709834858
630321066
0
0
2306696
509079543
548683196
34196267
499116982
66352715
2569537
83553618
50996125
36344293
5142790
141689998
87873136
857013356
170805386
47484502
11024922
24031417
333171924
62014454
1633483
259428342
103747476
560595683
8652034
200229124
996679
261104736
151818444
263881734
214863280
432380495
373547066
285850914
169688594
26232454
125376160
166002158
0
142248206
692527180
574624071
146480275
17730970
328074279
335480566
15987911
735641482
572329934
1112929795
635912271
490814533
91958454
46994808
643945905
127370478
6287984
270636226
337661844
680631683
193484495
32713733
1000408910
29364119
203331766
0
142052846
138635039
446697456
140807105
595794081
226418611
135464316
61370240
795605
173910768
234799506
250544690
377446705
40127394
39941947
540030594
218184093
312250110
128435809
105407035
263477213
94027221
654761016
22986833
384318342
8578258
47018183
246077766
198740968
220302772
82161323
183568837
1090560
5698460
499937843
566320
223679224
804567318
560987709
26603186
107724910
161648524
596214566
295985377
1234298125
3988696
331544585
444077088
81415002
369505702
13137792
794053693
573103062
55516644
561019592
567942732
458777948
793616498
4135522
1108293556
235890935
231332017
471873431
285486913
203982110
1232920888
39765029
479255923
21967025
1092111969
506228591
95361406
547506881
26394344
549868332
12582248
4459795
24368094
226587247
58809572
953594457
8701328
23989
887772449
143949613
145656409
10933580
27347943
27858994
45069052
15687038
1081065405
157812245
172302251
781029151
152525589
43501920
859727565
692505233
174557088
296192285
142959974
720458
2121557
14371873
188112100
74357377
124034735
25510228
18231362
272615450
55087326
798343181
250294401
279451248
1664682
380143204
750460928
469875867
1116406905
4078996
423721130
28248484
22513148
477062048
72543715
19548154
417257477
220707688
627920697
112749011
998701877
335357358
440342987
14724778
5490901
8798521
489116383
39507141
534747506
548043239
778038786
108529761
130590717
98927061
239601638
82617207
1283089192
53933315
489224666
1104570995
35668550
135486704
3066332
844113694
162919097
68472152
442776753
34767189
229992185
89276559
64337378
689386683
1109243
25930
5628971
370705835
167841073
664207741
3148313
3797240
739955953
1214533115
110798483
138300372
884556748
588005
61671571
412991851
189816092
392902064
198533101
0
19717219
475406785
356339915
152403426
247352
635534625
112425519
35076632
13489190
187217119
65355707
420900
694025156
0
17150486
587481392
953573685
9417338
266299639
42415892
584299391
1043187564
0
585331850
3980589
556813838
498661301
505421606
314352152
33803956
611184317
22790086
23644648
130972942
5260243
217740200
22803876
91158
169612905
120672705
106056685
213694310
905338829
590819872
12226614
420358649
632838
1079891376
19746742
232068464
8911275
1022089311
318719786
183274917
208240888
0
67658846
593335635
157259086
588292717
48859531
38564193
179211111
707610581
23907455
5618663
17357171
220873174
185504692
166871616
352408262
156639611
28070753
44425048
35764560
44859824
1584317
842300433
289127168
233941287
619396807
56156583
134695803
87103625
59148256
853318859
184404721
30915033
11411676
30007988
127835644
0
556082482
260267544
18626214
882676221
226676025
3446988
3383364
137713034
421831973
317305753
759173
456941805
761168601
4635260
29445003
48531252
142509429
224446400
120062475
517831438
83707536
44271837
733575667
32802026
194741434
28464089
97030857
316398
285554023
32106676
183144037
389527501
0
0
210410521
11288771
168222139
28392615
541880298
5152529
48333643
8029728
417060
401897542
63330
214951288
7732300
74394883
641729938
297604427
964205847
597256291
147451751
3341341
40625092
57363886
1216703
311154928
843978953
0
33209864
175057799
907493508
108184785
232415089
341865193
249721327
329583
28739531
0
590524146
278362921
3814188
6283412
52548860
42026510
25689368
134190333
159750392
73113805
9743653
108062909
509323283
75626959
58328493
0
40810757
131766557
232555646
77120361
352925059
71827386
128131206
576076999
48240425
39414588
0
4615326
243950175
5153909
758867321
99989225
356151570
887148706
131910810
287953612
35664596
46281144
702014684
1097123709
54068988
131150159
86394769
43232132
100270490
4239356
363190030
140735653
3215
22123824
8561544
210441112
88215750
847315314
0
195470771
399210464
506863541
133133943
40127
817150161
989294208
457564022
88872683
723746752
57340
341085503
479572375
195695532
101518068
51725407
2666517
180582130
48758041
68579847
15992403
573075088
630928767
575200408
110200
83238722
852977375
146953146
66580038
568770396
67521124
1053207033
740483
7690122
29609153
416835
45486217
58351477
759957569
54297780
3027510
312215833
759780014
2992752
230840143
200920720
144579134
16127725
6777136
80322425
249582855
143469698
0
16234189
86236390
327918869
80097425
34140787
755815281
217048319
6411632
174383988
802398818
54621262
332822
127468736
410339496
58921426
50307059
4063428
16198729
1059145532
188385432
183592339
523344559
199902101
34581071
34672766
133031303
0
17456081
2560447
20418887
17893453
146090923
713633356
715814456
22300426
5300783
66088194
0
124441782
67081395
400232416
37456080
717068195
24673084
0
563242756
470092788
113943220
528865665
130670915
143737661
140630301
29533625
1367808
1133777066
20649498
9056001
398820628
6685831
188058
251765688
325296724
101501134
8014754
174983470
5601242
8382694
901467349
63357741
9462585
341761045
7906708
702109838
140966573
399967373
239635388
530553778
867359257
464977695
0
8837386
80676022
58332125
16944
1216189
193063164
214795951
239350910
43000227
756671068
314387847
672925
1044264
161633599
9034542
138170875
3260152
662033600
575347
494642475
174876909
83933551
185498097
1389611732
459576041
939719859
49741617
392556502
87157156
4330757
125022244
24332284
6905548
89976175
58252617
2608736
10730
93885163
144039506
36649047
517421423
384806876
64717556
333541998
428579067
10366309
228597236
50627416
158907916
70098732
212012973
1186451216
14963315
13605178
803242611
20217290
271063774
4542205
140919125
376663782
24104421
438097132
3206846
243323218
216665174
349361423
1304681496
45171477
279058766
824621510
295271064
285131273
658151683
1030686981
132324440
24818094
8919603
246528373
36663056
1437781426
79287672
19318997
5717826
542430828
5572300
2301963
12345308
26798640
20839630
1138600
431614649
994017860
665661439
799718366
102593492
155263929
7369626
11129759
895499597
30692136
4712668
59683884
213811047
13345
260784488
868291698
7245
5970393
683278767
228187469
150749575
1040778778
499204292
16470274
354333085
33774325
528588387
154916437
517931497
2734191
51001115
16920
229061322
604822384
319065
110365625
547921687
508864814
593662935
61826991
27486743
244225082
12630859
90101910
388240623
109516330
704641907
104775
23369746
125244753
1498634
109874272
543865498
16915408
67551082
146627178
25285896
6232938
15138792
36581477
54965954
85803037
140604699
315395454
8736
462902625
613707319
51982920
135563641
249565061
54245764
237019085
0
233545694
642655559
379405644
445460337
756547
30663327
568332297
8069669
40826999
178790263
407574545
929838414
4589298
300026988
872558745
167472274
164644394
135084831
36873732
71994171
116229548
0
81698988
265700851
20222768
9471400
278939520
63312234
163388446
755374270
29346520
32954304
608473862
2781870
190311389
764243982
283817593
20934870
191968595
57272129
5307311
1275562391
596096717
127185367
12546640
393498788
812372418
2241552
114452690
975027170
6705020
317949660
24516232
142245999
512062944
10727771
445820627
613432290
655367291
49507038
16319258
14459696
75685892
5149013
13108683
16501737
264102697
6409917
497767600
26011378
236996
936717865
619315371
200410529
441622891
7643415
531710282
0
165555416
66695069
400961021
422403615
476269362
60643911
1186780537
428244477
719166614
405806849
0
22162699
1088053625
1041325399
687064317
163281272
274601129
652838739
49416435
6319018
734688829
16318617
23342446
125952583
415538348
358854397
222389156
190384223
85813582
335762924
202928137
443356592
1241687542
39352641
212236853
225487654
194012696
524276617
105038888
23572563
7513740
600962449
379933772
885460592
175753396
18663760
194845692
51577870
328357557
326205015
228182128
159842982
48662872
0
21097
616397013
2596359
39033821
30222006
418896578
95679414
879038905
664028523
268609052
17713410
17840981
529340
11629035
60016914
73582103
4821950
328108356
0
2993748
307232692
76658
507921241
143748058
783085919
17023948
28119986
216196364
19934623
470000862
103928058
56283035
319393219
12018459
2497742
924871423
858877
29246404
406114050
589822883
56861216
36942
6298184
103110964
453523345
402624593
382788242
0
186130254
230842437
221806610
739829939
60522634
0
165319729
239633201
21835459
17560455
22852209
871610526
4355948
772663493
421222935
638839961
0
75732468
111829558
25731130
719852
181203928
29028972
448255706
44165607
160025389
126244933
778390748
589054509
17021462
121502871
37401626
112329967
11293145
1139014921
265776372
682543050
86559956
21798770
329885472
280663726
103041245
949067
200440583
172685694
2762354
190207999
516512919
19373607
963685
696475870
5094257
15326892
14756
737062257
119822914
10109822
27430969
147785548
236734005
69428861
1028271227
274205579
86916902
0
14492046
242823593
11984708
577633211
918965009
195591132
1222986
661556216
28034216
10725075
27334161
2699774
326239814
824107973
334380551
139547728
3316223
752698953
996245124
634950211
120851821
38420525
195792082
1355114800
360405173
20620304
299992910
4728606
699648417
420966511
648541142
22803721
399283
0
679102956
93082464
236483499
1791750
70868246
175445598
533560383
203013508
895238352
25388565
72698825
40900888
92805504
164227374
123270288
304345658
22920838
14897413
580144368
27684461
48177273
58480313
218999895
87263066
6745716
137676425
731544759
571540884
17983617
3950635
193715077
67204779
68411978
14900156
453101805
506681611
48302256
10162805
22403662
38192
190342610
104265964
332969192
183513752
9717374
362530654
389499711
148323516
68614949
45706147
2045480
309500020
78785853
469172440
134899547
4158316
856035616
40998771
200929712
190268832
448351573
69114542
91213541
424785928
24604342
1144788313
824125635
13308995
258181468
149481181
3579264
944048087
19017102
398148650
7355553
463952
3824935
207020843
221626
106299641
259588370
34931046
19578167
153169426
34679647
369224682
137066427
151808998
138902321
242658722
26098549
77346929
230649551
88473443
268619565
243287464
471788371
91359473
941387111
184998188
548355585
155605567
16112778
401020656
14967819
73803008
196905161
727056965
131976
11720261
237278444
9800767
190037666
132987129
54021118
229676
12548481
15810241
12027941
59374557
386315102
56193102
21258934
53850297
4128372
502082438
32113206
811398336
242770417
190120391
144944428
91272506
942412597
575024142
150939447
214289414
513267217
118341004
907765799
390615930
7700872
690542374
61614023
798223
92728270
85392023
12850828
64986614
138232613
512076821
2775746
319584329
73160867
166051200
318782087
399874316
105830680
313302299
76620191
1464083208
27054691
200946268
216437289
80354336
85599584
0
315684121
679745019
16400108
296033733
33332333
541702242
1496408175
224597086
348672444
152004375
122558998
516657182
344746749
231177858
10569915
60168466
235243880
69224393
64475835
111182657
47077185
404620847
34401567
179706034
517834206
737664853
141209269
4363601
534600
444711311
295572835
72597650
820163405
11325259
80630031
410969152
6276796
917408555
118693543
1257748
57211440
429636306
756242480
267617889
313952852
1024905
20869681
476601349
13047578
72947159
52311230
99297046
228224392
151124659
4028168
459005549
469782221
613664359
1305252079
93394877
82925803
86308798
4305718
69252806
33308068
126540
422369857
0
260915539
149405640
25347971
198579094
227591454
89909303
136152649
554660360
180390029
152230870
62213039
3161812
1383416826
83502512
1331695829
25863425
319439597
732340837
47733552
297598013
651059460
87519169
25026668
15834122
290876095
224501377
1012399306
257565181
15650653
0
205969065
371888492
480212116
732949841
46567816
592826985
17228406
45769609
91337981
177072
24788001
848702329
4028734
592725963
3238243
112443839
46529625
671418642
112770083
216590544
310393714
94259361
19452934
445159442
18818124
161085894
0
28726139
519493297
1068074355
164558718
820275672
359644237
47460973
22318102
422701784
66078501
432402145
171134889
255586354
95407519
74735412
706228147
14497598
12938825
12794712
437908226
1071408
438823600
16486536
70516394
168653550
581847244
537527248
420236276
352130535
35400
94914263
43971327
35996218
426922722
377676415
21405538
482599895
7316184
932144
274781899
685512
211000752
7129138
52083080
377770834
427764961
1437616262
12633361
4139928
202004432
201763336
7011234
550475252
275796149
450164500
5784152
61813034
185554949
0
672414089
769609226
20669255
260276906
191929288
0
171574576
312136353
101394824
439526594
1046665048
40712322
298619286
27481190
2449198
204602600
6304181
494880138
182933394
972003762
944131879
487298574
57906944
27076986
23753770
235534866
75448102
480295743
627033285
673778
898453
180309862
34487197
28197839
84405252
529591275
6471737
703119628
5992961
684838680
8815427
45522
331412149
5543706
0
541978690
37447703
47646240
30690978
270939633
43793541
63410313
93992704
56798988
1284163
0
547290961
314275953
560719987
12488262
1268168
190445134
70363673
25780662
15539532
26464097
424418639
95298147
422018723
8373071
302353161
370210085
641988195
587573055
306963238
1599099
138899364
948510154
849823713
225374538
1350675
106876152
346548423
0
18938903
860651217
828681183
43709491
115001665
212132455
827111920
434969
31769604
0
3546991
55096560
196780979
217495343
538231128
20984085
841294002
518780105
86611820
86704003
68654244
22288354
63824417
3973131
69144491
434786251
272892750
7784357
24394667
101499282
46192558
90715791
330786568
243084326
107522348
2031549
45195866
183745925
171910141
318673260
939804235
14053700
15712072
629624968
1818415
526334719
23062734
1184820841
21375104
1450616
97134288
16481465
264802659
704539487
1029748
669291441
0
221656430
376767310
11104603
225097301
493982922
44938550
147321152
0
525344
461834624
52598401
171913589
708901977
2637367
576865993
512775645
419702050
406290
634990139
35025378
77585030
260572059
0
0
498542088
62271150
62284565
12717154
163093423
3271558
149983173
550163594
759108
210259293
6171251
50914469
101156713
2414145
11697312
46743269
15436353
1092837
81482649
349391585
0
448124424
651879128
32517065
84940542
371889705
234434408
738157096
126484390
280742965
7594484
266528822
372266470
18402145
100044186
803997517
542164828
220512455
100980
3366014
37402699
2365293
67925508
22714118
8366594
112961877
801984354
371967547
3177288
328451
66245391
369025004
63898578
145027615
55606229
94268242
15716845
93295072
154640703
35224253
60090215
7767543
66511165
769509
16676563
60686545
16538342
30180540
0
8500960
0
39056
219457739
119217356
362907788
58341713
252987436
300148242
66978024
414412773
765544845
130615089
85981494
5210061
161360350
30730981
634090184
540613332
1235718224
4184072
216077454
175327068
1003512384
196571068
180790282
23500930
455542725
266550701
44709874
249606894
1172630285
274853210
0
51803191
806594631
381805203
42311783
37900660
716952880
43894220
214691999
859501877
164561441
761880244
75234198
319211031
153015443
66252802
85660394
108107699
719261863
166457235
224378952
340113721
5354996
817895610
3107849
169089524
741578
6423618
857419868
10427113
7724309
128728474
856594063
1048879464
80687822
3671771
356017772
42471402
32204450
13317448
118979105
140589044
350253354
74310555
41072230
108725006
392083170
361581511
16530727
111980283
481511718
242289859
32640741
50876026
160577430
651157559
356877650
338927318
613240952
254662190
0
258810524
1603956
467132457
30665439
243723365
51881873
156312453
95318138
41060325
324895012
469202690
111116447
4725624
13690684
559847724
61304173
58773615
9044584
3270184
175896302
0
259896976
623136495
58161338
41576446
111292172
30409222
52354105
243840372
256515742
33621510
13697886
679965248
84323621
315521043
437764636
169138479
439560542
120916388
0
340342043
776630557
90080402
410999364
20984626
241037766
327810690
236428540
24903479
430734047
1342772938
19209352
61160691
135430208
74395520
140338518
258298364
363954922
70428140
841384134
713758404
272419857
770088340
1435172825
127188707
71052054
937688
1938868
18131577
139995961
789959698
296230148
5613740
398498397
380487262
901016900
5344925
462013906
106002616
273378908
0
26547487
27569904
225493041
947485702
609634380
63882486
691132621
90552659
708784
136108768
122636483
143325835
11171218
20971826
9072607
215832384
62980060
219272159
172839841
77119855
284052685
381841798
327901882
494514017
747016813
11384958
156350933
504276973
545459610
794747337
1173198
545477045
145104774
21099398
216551036
226914159
14528295
1976279
85966083
796413182
138129311
163865479
215161942
201317936
552657340
39021127
1403180
677175851
93801220
330595666
229236206
1127850949
244323987
282878186
0
454813079
144582640
10618710
1090544759
264629405
135023687
854808095
17258110
118018452
1128509267
52599486
11135
94109951
366657394
1342584827
149860857
96760768
989748252
99844245
18792237
801796790
16940181
0
68057915
80674969
524020185
260682736
22176812
272659356
212463008
184908
174069119
541362300
8768728
292303493
175584789
1488883863
346090
418891732
161195282
1750807
3084483
233278820
6488237
164523729
520323031
85229180
503183354
966074
49592289
243627352
409710
559047213
138558150
0
702437583
592664648
0
147251271
136958490
437151759
1430153
224003664
47940044
456394619
120219977
264039562
108236443
78763960
400154692
187555857
113876
979694516
155853457
139568952
438251111
183949030
26311725
480338972
18828487
909238773
475607596
225105120
484798294
510081941
711707
75214033
355377156
371371034
194504933
38625505
33695312
114068518
223417573
2416582
49791340
204346385
2783323
7200052
293196662
305036895
89562165
0
6440022
4082957
437391589
3850982
192515865
39982106
98054220
1130289461
127777953
513191059
57553411
33703209
559747096
209643810
24497252
275232840
8462662
138010
1415566
2672621
3702031
339745889
240895549
38724171
210519247
15965970
340005284
82363701
117267224
93846687
167048324
65140533
47765818
54974947
392567482
298406436
6644419
149452315
21525427
799916499
31910418
786807733
179547936
0
0
94054849
42220584
3122243
0
195037888
386376501
360414725
151881428
53443160
1176539
1378254
0
952322
18534426
55517261
256526634
303625902
8624443
0
298847746
23896850
22486034
162887513
2851230
33440383
2109868
258506
1293165415
279824535
289597289
63992013
106501786
640120
659403926
55658785
12890335
304352
334145
154525354
17514659
56500544
12629324
383982171
25396452
42628064
19248264
188257413
222393683
860335603
108856888
385198
50920824
197650134
556327813
68223270
275389677
1336499611
180339821
876120232
22148039
110110304
129550067
219641356
17902662
362179482
376799202
306554948
2526994
285527
600340360
429073031
0
190470390
165680078
869373090
62366722
147389973
51031648
1057650029
15632361
140623570
250430478
27146792
714330458
704442544
44100037
6486483
2128597
31730592
746904201
623051948
500514581
274736683
899525464
578823284
579309
60790696
134041937
47250861
931997037
726647595
150474416
241717809
450725863
543670958
79676384
9107966
0
217885544
340932752
268669407
1142510070
70504792
215076913
388820032
221950674
204028908
1078787427
504736193
41477946
77088067
256665124
7161838
430707502
114175817
98781621
372422360
66296978
272040049
22101535
568718421
214984873
808505889
0
179605202
22425987
17673539
7697540
238484649
20733961
0
216319431
40812435
237410591
127075556
145895746
99505478
4031922
848533770
328540733
592490424
53782982
176795955
636294105
0
21088027
76561440
1672
116792308
250009
236843908
401653738
394373811
54132350
154465730
51647841
550451233
23682061
262611368
17051208
161277328
45261671
398957397
370447
531156
124676594
82961131
30140160
488830396
54717965
169622257
27293062
383116855
38734208
19550194
20307495
568543324
508532884
0
0
67715050
368427871
1111823216
1304436826
359543992
1017102
199758916
20663208
98293045
553542038
360513764
157192753
372466167
69430236
79257948
905311686
4046923
78048731
6034521
901992
120091744
320955869
944614492
3135003
79827766
636003169
2045442
1041710173
170610431
5500281
53534085
1256988507
67073639
43549100
565142897
155543
348412928
10430623
251571258
130856275
439534939
146478685
0
124192641
307958409
401801201
155937
22456070
20135620
125189242
88113633
1200234
2670522
171859707
292992754
4677754
606235566
70710263
417167532
18704368
1093418267
569321585
19412823
199576954
1064584086
2115751
406586375
14318688
2347733
18011223
165438698
96018361
388228186
5794419
48505842
6848
532232019
848664468
61168151
12947222
304038478
469746805
2745993
662969498
44873176
419821468
858817276
295874093
67511235
1131449149
217379235
686865891
19118642
0
220014890
7856994
1730262
114133991
628416812
658546786
159315034
157324209
43898944
179514862
186581477
16098026
11716568
581196175
467958163
568149984
33482231
610692929
720582441
224079643
1048734803
300540527
179525708
273511261
327159736
558070550
829705683
331860927
612948693
180844341
18166555
230339285
117639924
14460063
161138230
186373978
1000150
74202302
402329304
618239671
143606734
1310776308
435716826
126873754
595615276
86517700
66917541
48213126
38146040
14102925
5394693
68343666
410274167
284756491
90916484
5011645
10598222
92197008
31047291
272691030
223920695
205433375
96191580
859218519
24139397
20558486
267260326
17724548
188274340
228229951
153668045
103536
99449135
432856701
89051857
576239188
2277500
257088878
6309305
149555584
713311991
107637081
525054713
261662144
143429364
5073204
234274879
119743707
102247453
85840168
481483110
77921100
47496350
817377610
1101172694
628975789
163501772
487864369
14547953
8629640
3256046
620910031
1223688
223913496
0
0
27996632
87420171
26938800
154357875
254970822
46198007
12979233
4279588
516127572
259233843
26593835
241889229
53321765
102638636
159144156
737721369
958936547
10132347
4534962
34673242
164314367
550797255
215425221
536067273
440459395
404936787
5389987
37074502
101871096
801306277
95508835
19764
183822963
691264592
979557664
809665695
18145800
804695372
233033266
6271356
766258417
20397339
61132620
49529157
4534715
459517821
236664133
124135884
449621
156858700
491321997
77308145
87472
432555436
637367691
80558945
1019458344
10066896
305080985
277244160
30704638
25045464
15718716
6797914
730342022
291648008
28795527
17883467
92548482
80922009
1787078
26194136
189726532
12504567
366681460
6384046
17236072
200813139
27619571
88183546
111162038
227434458
743495201
167573397
50617921
755374058
867887214
26866954
71770712
14580051
153386003
88267304
859322753
101113340
468502740
74091766
55670241
1524856846
385127678
30979515
384160375
374668205
57063565
490324222
6481862
571964866
3501966
576935104
0
301702063
68409262
1531935
8447531
475356
74872498
69161512
850521576
34559972
2643795
396251217
252057572
0
120878665
0
5054759
408149116
60360655
3888712
94246558
10969783
392125535
68990913
75361
576127826
92881482
472845535
14484172
20891073
344381329
1170377341
406549964
34690857
252478363
31241302
33159387
343720571
276409227
0
171067
101928608
781324793
2050022
9379135
9999342
204471482
8901172
0
12665074
634790798
75902467
5671029
550627216
13136372
0
76433750
229061022
565621755
334468
484685804
227610020
